    -1    10.970264305    6.267006280    0.000000000    0.000000000    1.000000000    2.522013928 
     1    31.465342983    7.740787060   -0.439275396    1.608875548    0.999411384    0.955038346 
     2    31.475821974    7.735332736   -0.553525091    1.599792660    0.985812097    0.958851587 
     3    31.337194656    7.861556273   -0.460904649    1.569022258    0.956658889    0.949262772 
     4    31.223436751    8.011275853   -0.602752763    1.556691373    0.980364126    0.970954058 
     5    31.341768514    7.873488055   -0.668273653    1.584799900    0.995165167    0.940554791 
     6    31.233709974    8.010853658   -0.574334240   -1.558344530    0.985363277   -2.192169037 
     7    31.245491379    8.101787633   -0.607597815    1.551870063    0.983983547    0.949723143 
     8    31.129849921    7.998480090   -0.488735590    1.551507060    0.984164566    0.930887528 
     9    31.072504228    7.947192013   -0.537332824    1.526852705    0.960745139    0.920974891 
    10    31.150986077    7.983503236   -0.465693518    1.533760681    0.949860126    0.923045221 
    11    31.205775436    8.082790390   -0.427039837    1.515009987    0.965844046    0.914731873 
    12    31.167661879    8.131120627   -0.343740281    1.513446866    0.982113707    0.892665677 
    13    31.294449339    8.037531694   -0.385699336   -1.648121552    0.988547271   -2.239481858 
    14    31.349397594    7.963658517   -0.425200774   -1.649817363    0.961542508   -2.266797991 
    15    31.447546788    8.053371689   -0.458661728   -1.622429406    0.933617149   -2.256246075 
    16    31.522094022    7.932213585   -0.439382084   -1.628452795    0.913713752   -2.251623581 
    17    31.403739928    7.948249678   -0.568980372   -1.628412840    0.928491639   -2.263291290 
    18    31.490316678    7.918559106   -0.457738757   -1.597971352    0.924158672   -2.278561566 
    19    31.414792577    7.930852701   -0.318322910   -1.606870894    0.909737067   -2.275020763 
    20    31.480106621    7.834925366   -0.280968286   -1.630137077    0.909125797   -2.294765650 
    21    31.502631744    7.958751743   -0.280896952   -1.636545142    0.891183721   -2.293656159 
    22    31.430668975    7.813996908   -0.153323710   -1.630290482    0.916885954   -2.293531999 
    23    31.448227974    7.903620320   -0.046537225   -1.603339498    0.920023381   -2.323098728 
    24    31.381464978    7.862043103    0.099901443   -1.578156891    0.921265853   -2.334682133 
    25    31.299421939    7.994144393   -0.002343512   -1.576680671    0.905736192   -2.363617750 
    26    31.200232298    8.052544921   -0.063055392   -1.559806520    0.886872959   -2.384808406 
    27    31.307267895    8.158817498   -0.008293230   -1.556580399    0.915953935   -2.384047582 
    28    31.294996216    8.113862914   -0.041544590   -1.534067721    0.888265223   -2.381298900 
    29    31.422264802    8.031075562    0.007352180   -1.558944342    0.873488396   -2.377634051 
    30    31.388079491    7.939130752    0.087580820   -1.547705687    0.889395565   -2.367056784 
    31    31.472644982    7.855055402    0.020246932   -1.542039118    0.876177555   -2.350090842 
    32    31.598055654    7.731521173   -0.066852774   -1.514058479    0.851581026   -2.379516307 
    33    31.526300425    7.842202343   -0.133622126   -1.503959853    0.824207821   -2.353434067 
    34    31.384832323    7.979041461   -0.179586947   -1.520337254    0.852491278   -2.380162883 
    35    31.510084208    7.869361713   -0.181880582   -1.550850003    0.855313577   -2.399499205 
    36    31.387158007    7.797718464   -0.084154208   -1.524706812    0.838311487   -2.397734684 
    37    31.353029497    7.816803201   -0.233995421   -1.501272736    0.839965032   -2.401533226 
    38    31.474536775    7.903670164   -0.133513842   -1.472758485    0.815380158   -2.387879042 
    39    31.553165014    7.772060543   -0.156365382   -1.493457189    0.797410980   -2.381109031 
    40    31.574763033    7.725048477   -0.114397173   -1.500210695    0.780633040   -2.390769137 
    41    31.642182198    7.819494835   -0.213966557   -1.512810854    0.772887662   -2.401966738 
    42    31.783798205    7.955791915   -0.351083001   -1.505334630    0.792572862   -2.406161394 
    43    31.853395531    7.859880029   -0.208662396   -1.481924766    0.767067833   -2.396462911 
    44    31.803438464    7.994518363   -0.331888023   -1.471442117    0.749809553   -2.396202026 
    45    31.843090275    7.987893923   -0.298497416   -1.465205668    0.773622541   -2.398162830 
    46    31.914371894    7.883314686   -0.331121184   -1.467744055    0.754419070   -2.419952012 
    47    31.860981540    7.974165241   -0.200829918   -1.444745916    0.751023634   -2.446413387 
    48    31.930688586    7.946094481   -0.243889077   -1.446228429    0.740311965   -2.450708374 
    49    31.817785854    8.046379069   -0.122900939   -1.441164902    0.745206310   -2.432547479 
    50    31.903776425    8.120833528   -0.228909347   -1.471670380    0.717182914   -2.416879272 
    51    31.850867538    7.992046443   -0.107912317   -1.495455437    0.698716909   -2.446365414 
    52    31.986339972    7.959636287   -0.097293242   -1.511282231    0.699369960   -2.423707441 
    53    32.124272689    7.899253860   -0.210269012   -1.539264167    0.721494225   -2.405632879 
    54    32.176730503    8.042380000   -0.340018326   -1.544999473    0.739939190   -2.415954828 
    55    32.057758076    7.927453005   -0.461752901   -1.548623877    0.724765015   -2.424255112 
    56    32.137763076    7.840786205   -0.587917736   -1.549383515    0.733444829   -2.416415744 
    57    32.210403258    7.926986313   -0.502073395   -1.566409863    0.745900219   -2.431738249 
    58    32.247816818    7.985263826   -0.482372354   -1.572255211    0.738651009   -2.410710641 
    59    32.303812713    8.046072626   -0.616944315   -1.556631125    0.721316827   -2.428349132 
    60    32.289493089    8.059213081   -0.577206248   -1.532282168    0.752238796   -2.447767987 
    61    32.192616471    8.032546259   -0.441759084   -1.529909945    0.723719504   -2.477206298 
    62    32.178494473    8.085395640   -0.517969356   -1.557305429    0.729081188   -2.498588991 
    63    32.123426434    8.103336217   -0.566412194   -1.576259761    0.732927057   -2.520273930 
    64    32.207081922    8.163190909   -0.577088336   -1.579550019    0.761339309   -2.533899157 
    65    32.313977595    8.180286156   -0.464322765   -1.562510570    0.731641824   -2.564656079 
    66    32.401373782    8.190554553   -0.556610952   -1.551471105    0.761111763   -2.539996713 
    67    32.478345335    8.112940193   -0.444395448   -1.561110407    0.730325838   -2.526634572 
    68    32.466127127    7.983654976   -0.353111377   -1.590745070    0.718173498   -2.521793916 
    69    32.598373527    8.117346304   -0.265162405   -1.620465735    0.747707433   -2.545414473 
    70    32.650326754    8.091603560   -0.330444901   -1.639590294    0.756706741   -2.543054121 
    71    32.531295897    8.199615439   -0.251663384   -1.635312878    0.725920536   -2.525004438 
    72    32.516253132    8.240973709   -0.326543957   -1.613592983    0.707909126   -2.509857893 
    73    32.645547084    8.242181695   -0.342578984   -1.615215291    0.704501725   -2.498974896 
    74    32.729461664    8.248238610   -0.401690855   -1.644065042    0.703199684   -2.470160373 
    75    32.638699336    8.320897884   -0.278641585   -1.663082528    0.700583802   -2.456246697 
    76    32.675885268    8.194995183   -0.355916984   -1.639746175    0.704428336   -2.440763190 
    77    32.823332422    8.177115781   -0.353456831   -1.661709477    0.719666515   -2.438015085 
    78    32.967259478    8.138053436   -0.239434777   -1.650043380    0.695550677   -2.429323028 
    79    32.824615755    8.173845363   -0.378277143   -1.658448674    0.674511368   -2.432197444 
    80    32.881128700    8.126500087   -0.462966526   -1.635668456    0.698049258   -2.451861353 
    81    32.934792150    8.066759195   -0.451966505   -1.643685461    0.691660989   -2.481386624 
    82    33.031034970    8.088449971   -0.306360371   -1.674809428    0.722194277   -2.510092474 
    83    32.938695525    7.961572490   -0.341126670   -1.702823219    0.692794111   -2.500711169 
    84    33.061552051    7.960248548   -0.387824793   -1.691583030    0.685545911   -2.479780280 
    85    33.124581120    8.008191341   -0.298562162   -1.683166538    0.707207202   -2.449429639 
    86    33.177956489    8.004833076   -0.393574770   -1.657727425    0.733243619   -2.446991205 
    87    33.070317153    7.888046827   -0.269826788   -1.683837302    0.763272596   -2.455115738 
    88    32.973119317    7.821392649   -0.300079637   -1.703452673    0.789169371   -2.439415156 
    89    32.829779128    7.883798673   -0.170600915   -1.678614829    0.789226994   -2.454870846 
    90    32.748802122    8.013575724   -0.160374009   -1.695351533    0.814749989   -2.452374847 
    91    32.705349380    8.131230645   -0.019404665   -1.701736196    0.811905522   -2.458095210 
    92    32.786472426    8.205585454   -0.106821052   -1.681070381    0.836002557   -2.444090177 
    93    32.773701753    8.301840360   -0.141130150   -1.679153798    0.821354096   -2.425904958 
    94    32.665306695    8.433123339   -0.236006237   -1.689326494    0.843407197   -2.430610537 
    95    32.804270939    8.425671062   -0.172034238   -1.679461624    0.824987733   -2.461447048 
    96    32.848915929    8.426922520   -0.095984258   -1.648274810    0.799133447   -2.431971019 
    97    32.833145972    8.445992029   -0.010593693   -1.656225323    0.772100128   -2.420464366 
    98    32.736649847    8.538576366   -0.065590244   -1.633393307    0.782026174   -2.418318671 
    99    32.821020233    8.595951264   -0.103376775   -1.639866780    0.764386953   -2.389124928 
   100    32.835680393    8.681411633   -0.053413389   -1.645375900    0.764474723   -2.370676148 
   101    32.814546461    8.748292705   -0.184738307   -1.653907388    0.735448472   -2.366142572 
   102    32.948357430    8.602702054   -0.034808112   -1.624102941    0.751622052   -2.380542727 
   103    32.943679914    8.494796072   -0.071089842   -1.651314892    0.739841814   -2.382627426 
   104    32.843808380    8.435115864   -0.213942614   -1.645424955    0.732555839   -2.378236350 
   105    32.958082889    8.341781428   -0.344604937   -1.654262440    0.739343082   -2.384560763 
   106    32.945584444    8.428640292   -0.233323547   -1.645179812    0.744888997   -2.397913555 
   107    32.862208599    8.371692722   -0.120374898   -1.632669185    0.714265907   -2.409409448 
   108    32.965156555    8.477944676   -0.061911278   -1.604379841    0.730306283   -2.418506695 
   109    32.926583070    8.611448987    0.085356084   -1.620051781    0.701899233   -2.393711458 
   110    33.032402615    8.472775541    0.035769693   -1.589385958    0.715460682   -2.399422361 
   111    32.934465970    8.445910769    0.011202041   -1.597580476    0.742449325   -2.407265091 
   112    32.924524448    8.447783776   -0.001565073   -1.620350967    0.755058181   -2.404011393 
   113    32.859325682    8.545509654    0.049319526   -1.599067286    0.746225057   -2.408884674 
   114    32.715664200    8.499673127    0.170687564   -1.613093183    0.767218408   -2.418720886 
   115    32.621566300    8.479623041    0.028781231   -1.610991567    0.791370600   -2.430747639 
   116    32.500191707    8.375347879   -0.102247014   -1.586424966    0.816942647   -2.456332186 
   117    32.595076341    8.309504257   -0.230323921   -1.587232193    0.838528420   -2.449788366 
   118    32.605859545    8.272207960   -0.161223451   -1.591601264    0.836441167   -2.451635594 
   119    32.512997664    8.187161267   -0.257949408   -1.590520606    0.856458187   -2.459145053 
   120    32.509609611    8.162445385   -0.212830513   -1.582727014    0.835128060   -2.467583746 
   121    32.394346849    8.013912892   -0.147871102   -1.610530903    0.825112664   -2.480360981 
   122    32.368878245    8.003622764   -0.160744687   -1.586723474    0.804719204   -2.450526156 
   123    32.437632337    8.069844256   -0.205447823   -1.593090327    0.798763253   -2.442350165 
   124    32.519495886    8.040887087   -0.138019577   -1.583090786    0.777291307   -2.420269298 
   125    32.577827947    8.020289144   -0.057629122   -1.562812536    0.746356979   -2.443375016 
   126    32.431796759    7.924990138   -0.104755432   -1.590042341    0.728659005   -2.467292339 
   127    32.418558267    7.907166330   -0.132523500   -1.583670212    0.738858679   -2.436393484 
   128    32.428158212    7.813230363   -0.067738220   -1.613468353    0.755908361   -2.430935056 
   129    32.371482933    7.770813509   -0.007020719   -1.611055506    0.767758699   -2.461843474 
   130    32.355920397    7.914249351    0.132025253   -1.621592961    0.760863885   -2.430676592 
   131    32.425776762    7.848417390    0.254198931   -1.621117946    0.759804098   -2.417143286 
   132    32.551270302    7.762679781    0.247524598   -1.622378041    0.773204386   -2.447891869 
   133    32.581219833    7.736418362    0.109074469   -1.623816844    0.799357065   -2.420762663 
   134    32.697106005    7.879017895    0.076905649   -1.637662816    0.788114794   -2.448324984 
   135    32.650946495    7.871227737    0.181393583   -1.660005664    0.796226889   -2.465626397 
   136    32.764513817    7.879243619    0.080011361   -1.655880280    0.791408723   -2.438923676 
   137    32.874148745    7.759800013    0.040152534   -1.668118143    0.763831245   -2.438014186 
   138    32.828688821    7.898547732   -0.098544944   -1.671619197    0.766414742   -2.446439004 
   139    32.734547987    7.812269671   -0.111857759   -1.687301860    0.776235449   -2.465795470 
   140    32.837155628    7.897211625   -0.177665438   -1.669430433    0.795282998   -2.458997407 
   141    32.883364174    7.977316159   -0.119957282   -1.673429194    0.786279965   -2.441707278 
   142    32.843751779    7.893035759   -0.245264309   -1.660458481    0.761332045   -2.469219166 
   143    32.949457960    7.798357365   -0.186932778   -1.640276037    0.789151525   -2.438840299 
   144    32.971360251    7.814365327   -0.091461217   -1.649995210    0.784724096   -2.422579478 
   145    33.079477369    7.961266787   -0.061840869   -1.657955124    0.804791771   -2.393474568 
   146    33.207630468    7.835573043   -0.147744297   -1.677548277    0.803787576   -2.419170083 
   147    33.136707445    7.770639408   -0.145473811   -1.654041499    0.774183502   -2.430418743 
   148    33.054824193    7.731140271   -0.218305304   -1.655073486    0.776946530   -2.447068497 
   149    32.969564735    7.701349898   -0.275479991   -1.647947249    0.797401586   -2.416794725 
   150    32.991693660    7.633973500   -0.235479621   -1.659843189    0.777097068   -2.400210425 
   151    33.025714193    7.751019283   -0.305014844   -1.652219465    0.747169769   -2.410168888 
   152    33.047426790    7.856617176   -0.248066792   -1.635154137    0.750967416   -2.382280976 
   153    33.077943031    7.985789132   -0.296995827   -1.611640339    0.734817335   -2.375491461 
   154    33.007476304    8.028817077   -0.282384093   -1.597141882    0.765969181   -2.354014626 
   155    33.137640324    8.170429761   -0.328932447   -1.612117051    0.776033227   -2.358008437 
   156    33.205639754    8.205711184   -0.291419937   -1.624907646    0.759721093   -2.356675457 
   157    33.264965542    8.293604584   -0.167759619   -1.617066895    0.773048343   -2.326656128 
   158    33.386383163    8.144378334   -0.055242808   -1.603383087    0.785345374   -2.316395452 
   159    33.362567676    8.169853648   -0.115829486   -1.615134626    0.762176460   -2.303083801 
   160    33.446785365    8.163753591   -0.244304458   -1.616885567    0.753115164   -2.288555479 
   161    33.317498987    8.078660417   -0.293886382   -1.600835242    0.775648812   -2.261456044 
   162    33.299849514    8.172436248   -0.164471141   -1.623344939    0.798128691   -2.272793403 
   163    33.230363831    8.122063377   -0.170663969   -1.609444780    0.771979838   -2.294360298 
   164    33.092651610    8.174123838   -0.113637912   -1.605046645    0.802970552   -2.314289940 
   165    33.074530480    8.105710916   -0.109934541   -1.595399846    0.797051670   -2.340681941 
   166    33.214608193    8.215331398   -0.251508698   -1.617543296    0.783291996   -2.334876727 
   167    33.072293324    8.204566604   -0.265914600   -1.614852760    0.754292726   -2.325788724 
   168    33.133312943    8.345325988   -0.380843891   -1.612299953    0.742925865   -2.330875618 
   169    33.060449259    8.373217311   -0.240559259   -1.618395934    0.726484089   -2.343190392 
   170    32.957533943    8.302020120   -0.179839461   -1.635891178    0.742431192   -2.331345666 
   171    32.929171902    8.159186204   -0.217653071   -1.657564739    0.748913641   -2.355889979 
   172    32.814746429    8.094583078   -0.107052624   -1.632571097    0.766344545   -2.358953394 
   173    32.898726576    8.159358903   -0.167670964   -1.616889460    0.749389617   -2.356994680 
   174    32.886996439    8.050920693   -0.225176515   -1.601624604    0.762660325   -2.356668377 
   175    32.894092068    8.014025230   -0.211149532   -1.609453416    0.793534392   -2.358429331 
   176    32.788819590    8.131613680   -0.077781435   -1.615456342    0.811285006   -2.356853050 
   177    32.924027335    8.019775396    0.000519809   -1.642747998    0.798144285   -2.338076449 
   178    32.872697308    8.004068632    0.039772435   -1.643272454    0.795789061   -2.328357322 
   179    32.852414528    7.980173919    0.042834552   -1.652484952    0.779209408   -2.356005640 
   180    32.753549043    7.939437980    0.091577389   -1.683188769    0.795921187   -2.353033022 
   181    32.816056249    7.855233067    0.105492341   -1.709828973    0.774008838   -2.337565514 
   182    32.935401484    7.769401657    0.037875721   -1.696213247    0.788761688   -2.339349276 
   183    32.891939813    7.836133694    0.082134874   -1.720063556    0.769380866   -2.333915644 
   184    32.830151401    7.848422504    0.003735539   -1.704094333    0.796517064   -2.358446270 
   185    32.727845044    7.852865431   -0.019727867   -1.734113423    0.776784676   -2.379948621 
   186    32.836389321    7.939514390    0.080116447   -1.762793896    0.799549569   -2.378508648 
   187    32.797524715    7.829131380    0.013868840   -1.755864081    0.820411752   -2.380413178 
   188    32.800712262    7.777354408    0.060673219   -1.751100164    0.799782177   -2.387764022 
   189    32.924263189    7.780429147    0.184707632   -1.761798520    0.829716748   -2.383598402 
   190    32.887395924    7.736995009    0.088910806   -1.757938464    0.842154385   -2.404836699 
   191    33.015407211    7.797729334    0.223102192   -1.763693854    0.825197620   -2.382309018 
   192    32.963082963    7.904211941    0.312393569   -1.772988859    0.824297792   -2.354137338 
   193    32.901291106    7.943877117    0.303160282   -1.792480930    0.854894036   -2.340084585 
   194    32.784835266    7.989128411    0.170228603   -1.780376842    0.828326518   -2.352402819 
   195    32.848134307    7.864053003    0.237129289   -1.784358143    0.826920966   -2.360466620 
   196    32.786186943    7.968914842    0.264319454   -1.771072042    0.809752109   -2.338784629 
   197    32.875269872    8.073301613    0.157503020   -1.766179127    0.837091316   -2.330022465 
   198    32.953331430    7.923457120    0.242306356   -1.750231766    0.819300273   -2.331384710 
   199    32.929339799    7.816071470    0.186767586   -1.726444350    0.812653485   -2.346033732 
   200    33.075225736    7.720486949    0.115002540   -1.707413728    0.811595913   -2.320087370 
   201    33.140071347    7.820247767    0.227046806   -1.733642030    0.817025452   -2.292420966 
   202    33.000097284    7.954896928    0.261714257   -1.747731249    0.844299606   -2.292824018 
   203    33.126378377    7.955105344    0.390014997   -1.767010976    0.855154332   -2.284530695 
   204    33.078174647    7.943144778    0.355997429   -1.790444903    0.836531697   -2.311222536 
   205    32.940393190    7.949377315    0.300055866   -1.809720629    0.806566942   -2.298699356 
   206    32.868212496    7.914217989    0.263105207   -1.793378789    0.790726316   -2.328662454 
   207    32.898597047    7.917645150    0.381111157   -1.801395844    0.809887373   -2.329487262 
   208    32.831197845    8.055514718    0.445462502   -1.800601356    0.837855615   -2.320985961 
   209    32.805821395    8.054132673    0.476161416   -1.798205280    0.866026106   -2.344619309 
   210    32.804439034    8.055547779    0.550489450   -1.777602902    0.836267361   -2.340423506 
   211    32.861318057    8.181845554    0.650232483   -1.758359350    0.839394153   -2.315280242 
   212    32.772417896    8.124715225    0.529201927   -1.740736741    0.827093343   -2.312205621 
   213    32.741027082    8.150437001    0.390773721   -1.721121271    0.851550732   -2.299238759 
   214    32.784263311    8.063960711    0.296522004   -1.711736947    0.842823685   -2.283049365 
   215    32.872501328    8.095802917    0.179327925   -1.711374728    0.849392904   -2.310429396 
   216    32.781830939    8.200080302    0.127875528   -1.732610584    0.862675896   -2.339169276 
   217    32.847296873    8.136512132    0.187777772   -1.746630141    0.835111274   -2.331583519 
   218    32.830892847    8.026585985    0.194030599   -1.752313947    0.806902157   -2.318801956 
   219    32.826189930    8.077029777    0.082899794   -1.740282523    0.824628976   -2.315800311 
   220    32.703258519    8.136609843    0.107480426   -1.767111810    0.823557980   -2.287874907 
   221    32.668896018    8.088146743   -0.029541750   -1.781356798    0.854030742   -2.261821389 
   222    32.663404953    8.229466775   -0.173655883   -1.758508755    0.833901432   -2.277184193 
   223    32.533219625    8.097425251   -0.085118931   -1.775554956    0.803874747   -2.300038937 
   224    32.418975060    8.038832708   -0.179184074   -1.776963437    0.803165346   -2.292292732 
   225    32.487015088    7.909268155   -0.139418679   -1.747788482    0.833035928   -2.300660177 
   226    32.485898948    7.839150220   -0.279289237   -1.736739520    0.849731677   -2.282080759 
   227    32.397167047    7.915619127   -0.158404652   -1.710997048    0.832149719   -2.256991744 
   228    32.324083863    7.936549938   -0.070328241   -1.730845831    0.842405930   -2.253670981 
   229    32.443786961    7.816689297   -0.090862290   -1.723257411    0.851019887   -2.240251321 
   230    32.465765976    7.685759523    0.002656341   -1.738616745    0.837837633   -2.235396581 
   231    32.479186802    7.827320991    0.110411589   -1.766087966    0.818751334   -2.221040394 
   232    32.340892321    7.956313955    0.149700674   -1.738862906    0.836968255   -2.225736653 
   233    32.252665196    7.841862930    0.085056022   -1.764547321    0.857525449   -2.236777070 
   234    32.239336431    7.693038397    0.114479114   -1.751315862    0.883890381   -2.241406219 
   235    32.196979319    7.681944399    0.074685254   -1.753232176    0.878056708   -2.226312485 
   236    32.129965677    7.558693990    0.215071255   -1.751522462    0.856679325   -2.235599238 
   237    32.168912495    7.523527121    0.269133887   -1.766532540    0.857833199   -2.241993671 
   238    32.312556715    7.652302919    0.319356743   -1.768608722    0.830756390   -2.256846504 
   239    32.328134827    7.558168084    0.289730679   -1.741635737    0.808982010   -2.286419492 
   240    32.331280102    7.579047518    0.257850582   -1.721168383    0.800453134   -2.278807971 
   241    32.265547020    7.601148577    0.399632512   -1.725594450    0.806756416   -2.260234216 
   242    32.332199373    7.591826431    0.534262419   -1.702008959    0.792560541   -2.275099149 
   243    32.389519278    7.708678524    0.620713261   -1.718590931    0.777349469   -2.246546032 
   244    32.260330534    7.822493829    0.719639019   -1.689899003    0.768135960   -2.234365553 
   245    32.142235669    7.918319200    0.773666360   -1.692884766    0.745010267   -2.228732153 
   246    32.066322888    7.831774861    0.831952114   -1.722843229    0.723864056   -2.230434222 
   247    32.155266790    7.724411601    0.866699332   -1.745283380    0.707583957   -2.245748849 
   248    32.024893092    7.837680075    0.874984958   -1.735889498    0.718643783   -2.260283414 
   249    32.079100999    7.721420556    0.806852312   -1.731073398    0.714961374   -2.247034813 
   250    32.015994261    7.700485489    0.676808960   -1.716165794    0.689335725   -2.265009218 
   251    31.944335447    7.832171705    0.671635331   -1.729247440    0.713807182   -2.294066339 
   252    32.020275275    7.699472818    0.807010324   -1.752213165    0.724121277   -2.266506548 
   253    32.084663294    7.832866203    0.892974503   -1.760616094    0.707727803   -2.293172367 
   254    32.120334034    7.718452999    1.014606499   -1.741497384    0.714112352   -2.265613844 
   255    32.045070288    7.686031772    0.977865022   -1.733767643    0.738294251   -2.286900126 
   256    32.180871653    7.643287450    0.862833317   -1.743506607    0.751493567   -2.277873125 
   257    32.148138661    7.660838702    0.945108774   -1.726488431    0.753345919   -2.286939931 
   258    32.028748308    7.654359823    0.881034338   -1.735209271    0.740488159   -2.275621277 
   259    32.089244077    7.567576788    0.749153827   -1.714595169    0.716032378   -2.306051084 
   260    32.121051028    7.555118291    0.834004246   -1.724373619    0.718218275   -2.306653835 
   261    32.225540942    7.624130122    0.863794089   -1.707363961    0.698365539   -2.331440329 
   262    32.256221339    7.492670935    1.012201530   -1.723007920    0.718072877   -2.353632809 
   263    32.381276712    7.468161811    1.116591280   -1.705109208    0.744690825   -2.378763509 
   264    32.258077042    7.346547646    1.266504234   -1.708435359    0.754726415   -2.386806443 
   265    32.284840954    7.371536457    1.345786898   -1.708775539    0.771811711   -2.415145403 
   266    32.388668240    7.242945519    1.280734693   -1.723334873    0.762572560   -2.439242254 
   267    32.259701481    7.335978075    1.354233196   -1.725494185    0.787178321   -2.465040104 
   268    32.325983287    7.214717141    1.226291360   -1.754474651    0.789946539   -2.481982338 
   269    32.202570333    7.238889577    1.302102294   -1.784684242    0.760215104   -2.459848292 
   270    32.093532075    7.187522446    1.299504991   -1.804439706    0.766402333   -2.437881470 
   271    32.020167001    7.286149345    1.269219044   -1.805107437    0.776241387   -2.426815269 
   272    32.170018788    7.260030207    1.201509905   -1.787993325    0.755118403   -2.452363464 
   273    32.043789591    7.283688258    1.139973387   -1.784045184    0.725810897   -2.447414295 
   274    31.941469373    7.348004507    0.998164455   -1.795236008    0.752576711   -2.464752458 
   275    32.040881989    7.415502953    1.003935493   -1.784197251    0.733736294   -2.476924752 
   276    31.921810334    7.484683629    0.882890638   -1.813483306    0.735796059   -2.459580579 
   277    31.902143424    7.434416192    0.815243979   -1.821541913    0.763788186   -2.478678004 
   278    32.005891101    7.434648509    0.958086436   -1.796805049    0.789214315   -2.465067123 
   279    31.864283411    7.578793297    1.025433127   -1.815757579    0.777184376   -2.458725353 
   280    31.802926219    7.724458237    0.942699256   -1.799874162    0.788966904   -2.441007533 
   281    31.720199601    7.596994272    1.017735144   -1.786715849    0.798936246   -2.419925132 
   282    31.647594732    7.488684555    0.971802767   -1.772112268    0.806224412   -2.412451229 
   283    31.553742307    7.421643490    1.092109190   -1.781499086    0.808049548   -2.443414588 
   284    31.682454138    7.395237369    1.158858847   -1.806748802    0.788743299   -2.422910484 
   285    31.766363154    7.309030248    1.238787274   -1.801375337    0.817556757   -2.452123932 
   286    31.669303390    7.290939325    1.228567926   -1.782626864    0.846932282   -2.423994699 
   287    31.762344672    7.267214634    1.329457340   -1.772376442    0.871193710   -2.453675162 
   288    31.700549000    7.199734891    1.268981653   -1.800943520    0.901521606   -2.461683740 
   289    31.755808382    7.146040651    1.133919237   -1.826745357    0.894982072   -2.447783884 
   290    31.657150239    7.120465422    1.173293905   -1.834122200    0.866068495   -2.447273580 
   291    31.687120736    7.187321449    1.079251434   -1.823782213    0.865223574   -2.446982719 
   292    31.699350307    7.328134779    0.969889427   -1.801448740    0.859203841   -2.453900194 
   293    31.612595405    7.273099023    0.897838439   -1.821624757    0.863823552   -2.437793142 
   294    31.503465613    7.214400218    1.004384892   -1.846286930    0.862022334   -2.406896240 
   295    31.398592186    7.280416649    0.994275237   -1.832789381    0.842810941   -2.426653137 
   296    31.412405906    7.285672472    0.848841222   -1.803866463    0.826726784   -2.451898865 
   297    31.394191905    7.367309929    0.774972541   -1.808986247    0.856737227   -2.462494184 
   298    31.254785921    7.470343814    0.866297647   -1.788835414    0.880590487   -2.462300874 
   299    31.302740875    7.535693231    0.725911465   -1.807961616    0.900619971   -2.440128779 
   300    31.380214389    7.433371569    0.668004153   -1.836200371    0.924995564   -2.469380502 
   301    31.395962898    7.410941640    0.783862919   -1.810085081    0.918475837   -2.475016797 
   302    31.455418504    7.287846065    0.838175405   -1.779726370    0.892693298   -2.500177281 
   303    31.487299345    7.282866397    0.833020912   -1.772613989    0.902712922   -2.472104296 
   304    31.462794570    7.351602689    0.971520259   -1.746336381    0.888724349   -2.487415316 
   305    31.346877516    7.286106736    0.903973441   -1.755698048    0.861484683   -2.471650043 
   306    31.220087683    7.171767850    0.794226726   -1.744632765    0.867768485   -2.447223349 
   307    31.160617007    7.028725119    0.819599386   -1.717958671    0.839917690   -2.467861222 
   308    31.081957549    6.896562352    0.828270060   -1.698606381    0.819029506   -2.473754996 
   309    31.189390435    6.937320113    0.744457291   -1.707118166    0.846600311   -2.483265178 
   310    31.160792952    6.850075626    0.687948982   -1.731210852    0.851642800   -2.470326210 
   311    31.024514436    6.766590296    0.591996842   -1.710560193    0.871360975   -2.498339642 
   312    30.875632503    6.637349859    0.733611430   -1.695361155    0.850416780   -2.502014802 
   313    30.831049304    6.693558663    0.744057984   -1.721290262    0.853397676   -2.480177227 
   314    30.829814644    6.726444341    0.861468908   -1.738981151    0.825451535   -2.452164358 
   315    30.899389926    6.710318531    0.931485957   -1.715758218    0.814833966   -2.427907430 
   316    30.978867532    6.694995220    0.842747625   -1.692519656    0.836615621   -2.397073058 
   317    31.127803302    6.675418774    0.859991503   -1.703968476    0.833098844   -2.408976233 
   318    31.121436670    6.735651762    0.885930697   -1.714284940    0.857678480   -2.435418541 
   319    31.209585074    6.702603665    0.751487408   -1.730719215    0.852871986   -2.446061233 
   320    31.117911064    6.834935611    0.733433132   -1.723608763    0.850466660   -2.448786592 
   321    31.118541793    6.711306313    0.599284470   -1.708185386    0.851488104   -2.470970875 
   322    30.975722588    6.643769443    0.590573584   -1.716033984    0.866426253   -2.477438371 
   323    30.840403330    6.662343267    0.443249934   -1.715850372    0.883815535   -2.473879984 
   324    30.893873926    6.791385104    0.559223067   -1.722818763    0.879084733   -2.480736476 
   325    30.940888588    6.932483555    0.533057736   -1.721628042    0.870685890   -2.454417723 
   326    30.905547521    6.978331414    0.558892939   -1.694473037    0.860941541   -2.482646537 
   327    30.923650662    6.852641158    0.424975282   -1.682639535    0.879769724   -2.480517362 
   328    30.904719480    6.832194701    0.474997091   -1.659888443    0.874914384   -2.459251513 
   329    30.938208510    6.945767346    0.435935788   -1.664738822    0.859415922   -2.442062647 
   330    31.071289525    6.861713190    0.447480695   -1.674417536    0.840884972   -2.432207091 
   331    31.167278607    6.739187056    0.528650599   -1.658958206    0.869516052   -2.418169157 
   332    31.263229474    6.767563778    0.563672724   -1.676782240    0.849433691   -2.398692496 
   333    31.253343597    6.802643515    0.515752401   -1.675831922    0.879836923   -2.422816660 
   334    31.322642759    6.674530022    0.603290563   -1.650939637    0.858450007   -2.445760601 
   335    31.286456260    6.561521204    0.519647050   -1.664512171    0.841926558   -2.429860671 
   336    31.411508566    6.508082199    0.608465390   -1.665985182    0.871167474   -2.423396089 
   337    31.501377368    6.582019824    0.698765677   -1.696230895    0.859453514   -2.393313927 
   338    31.474499352    6.717948524    0.747369424   -1.704185358    0.849163340   -2.415921827 
   339    31.552036182    6.842504720    0.705385621   -1.693441994    0.850825306   -2.414164667 
   340    31.656621620    6.962743023    0.846077138   -1.707770543    0.825563103   -2.439595132 
   341    31.589008188    6.944422812    0.743592613   -1.728491968    0.826438121   -2.435877007 
   342    31.722212175    6.962327912    0.658280710   -1.734355270    0.853610969   -2.439897796 
   343    31.827330771    6.866220934    0.807565960   -1.706021588    0.858617328   -2.418179061 
   344    31.809430064    6.816334786    0.832297275   -1.676398004    0.838725079   -2.399661838 
   345    31.678897920    6.934180897    0.957786119   -1.663859259    0.809438502   -2.405372661 
   346    31.679678111    6.806259508    1.090058835   -1.642547357    0.795506003   -2.374113956 
   347    31.799252008    6.919995640    1.140117824   -1.613669053    0.783040527   -2.361100076 
   348    31.820893385    6.973108470    1.267324462   -1.638805318    0.781992369   -2.392109169 
   349    31.830500037    6.864726028    1.247864418   -1.662637701    0.798581370   -2.416300747 
   350    31.760967525    6.930520931    1.272336862   -1.649862900    0.795941442   -2.414295837 
   351    31.786762011    6.934791504    1.413510400   -1.666120429    0.790796210   -2.387467987 
   352    31.694781591    6.794805752    1.317289393   -1.665757521    0.782157490   -2.409259479 
   353    31.755187280    6.913744416    1.436490319   -1.678478104    0.803090222   -2.418924221 
   354    31.831609444    6.884197915    1.388077392   -1.665505569    0.810028569   -2.388189898 
   355    31.869058282    6.904259713    1.484933632   -1.680844717    0.809422173   -2.394110439 
   356    31.915072432    6.996564874    1.584305955   -1.669268678    0.831062579   -2.409015426 
   357    31.918769578    7.108213348    1.604876696   -1.660977708    0.808003562   -2.388310708 
   358    32.065390684    6.972604888    1.481510200   -1.669999785    0.813126373   -2.381191405 
   359    31.924779368    6.965831756    1.404235218   -1.697262819    0.793297124   -2.353219977 
   360    31.824405329    6.901203907    1.526880266   -1.695418699    0.775352062   -2.336251956 
   361    31.944723701    6.949206926    1.563505733   -1.694231123    0.795763846   -2.321544541 
   362    32.006620228    7.089482265    1.481830728   -1.688650124    0.810752992   -2.316306030 
   363    31.896783383    7.143623517    1.430448815   -1.661476812    0.788111398   -2.288182033 
   364    31.880537792    7.091115673    1.433400344   -1.645233687    0.785405760   -2.289610139 
   365    31.738269398    6.986324668    1.351904141   -1.641086450    0.770291804   -2.268399504 
   366    31.817425866    6.969561510    1.266152752   -1.653190033    0.760020479   -2.293971191 
   367    31.910205042    7.036758805    1.250213106   -1.665937923    0.744166159   -2.273838449 
   368    31.807497434    7.127695122    1.211219793   -1.692512446    0.717356937   -2.259073041 
   369    31.901498859    7.171997476    1.277776906   -1.716730046    0.736835149   -2.282397741 
   370    31.892341592    7.304372685    1.158320688   -1.692972945    0.717249599   -2.278123542 
   371    32.025244031    7.312329115    1.293475730   -1.675337655    0.725439877   -2.247210399 
   372    31.893059342    7.264265559    1.378297817   -1.675821147    0.732436683   -2.252299463 
   373    31.941906901    7.247155253    1.292687770   -1.685556613    0.752031184   -2.238529141 
   374    31.976866933    7.156749576    1.368873883   -1.690614232    0.758899421   -2.242305352 
   375    31.874289683    7.119678611    1.460869057   -1.702685088    0.744232530   -2.214714832 
   376    32.008173760    6.975990897    1.408811464   -1.678357887    0.761835242   -2.186688600 
   377    31.963703356    7.117347746    1.394795999   -1.689172902    0.746407964   -2.205754103 
   378    31.843210113    6.976857839    1.459759481   -1.687090807    0.777529193   -2.219297179 
   379    31.951741124    7.017624250    1.387023300   -1.691996423    0.758108031   -2.194908462 
   380    31.886390992    6.949002079    1.254939293   -1.676579625    0.778454026   -2.221863361 
   381    31.948198299    7.068133024    1.380455041   -1.686335539    0.751797888   -2.247617784 
   382    31.978426417    7.068573703    1.359650242   -1.698248948    0.729066988   -2.231061911 
   383    32.097984434    7.161807502    1.307983540   -1.725291834    0.742501263   -2.218499935 
   384    32.085640896    7.244542917    1.397078617   -1.738531423    0.724160324   -2.237270781 
   385    32.045506355    7.123756542    1.318336026   -1.732867621    0.705752333   -2.246048321 
   386    32.115338857    7.073271602    1.302306013   -1.753567891    0.696440913   -2.276645094 
   387    32.170524732    7.048650768    1.389903976   -1.746259286    0.679565240   -2.289213370 
   388    32.193189108    7.119365829    1.309115051   -1.738021576    0.654756388   -2.318062758 
   389    32.258575919    7.129894191    1.191157790   -1.744757865    0.630579352   -2.325470868 
   390    32.376863448    7.146463121    1.131457151   -1.728479451    0.623054901   -2.307239305 
   391    32.463150628    7.018284056    1.049694503   -1.730282042    0.593484795   -2.330140597 
   392    32.591124801    7.048802874    1.188947155   -1.710382591    0.613501639   -2.322225928 
   393    32.465141131    7.057415144    1.134206431   -1.717736742    0.591693012   -2.332590126 
   394    32.494851768    6.964004128    1.019074423   -1.717217811    0.598751485   -2.337994044 
   395    32.606606516    6.882206045    1.113345622   -1.712761837    0.582729416   -2.342353093 
   396    32.582569984    6.947935821    1.088457043   -1.742511325    0.592096696   -2.311975968 
   397    32.709478102    6.970008956    0.954676468   -1.718377201    0.563569152   -2.336403033 
   398    32.740461828    6.971871137    1.024584474   -1.726269531    0.544800437   -2.358398065 
   399    32.822683415    6.941418213    1.013135641   -1.735005975    0.535855098   -2.382797591 
   400    32.844127552    6.975301569    1.041417000   -1.723111150    0.515007702   -2.412613923 
   401    32.987118312    7.035342792    1.187981641   -1.714206508    0.532660955   -2.421014004 
   402    33.125527945    7.055149992    1.203976817   -1.690643750    0.554936387   -2.451086084 
   403    33.086346213    7.152592911    1.178291436   -1.699045191    0.570615529   -2.455294215 
   404    33.156789405    7.166081987    1.266375281   -1.698972985    0.582971792   -2.448085499 
   405    33.296533095    7.276831088    1.124665362   -1.680650807    0.575679743   -2.465630998 
   406    33.405061195    7.344128534    0.988510241   -1.702195950    0.572337655   -2.472349828 
   407    33.359937896    7.353401313    1.105123903   -1.706489107    0.590098606   -2.446807135 
   408    33.230796039    7.294221001    1.107414073   -1.704076968    0.581752644   -2.465033173 
   409    33.366588627    7.173441697    1.061534181   -1.729179241    0.607190991   -2.473312371 
   410    33.433324852    7.286014545    0.916566247   -1.747783667    0.637157769   -2.463494808 
   411    33.320801537    7.192636284    0.914816361   -1.743609660    0.667873290   -2.462238189 
   412    33.353562585    7.270089728    0.782882431   -1.726999556    0.667778877   -2.469950309 
   413    33.253413527    7.191969017    0.705556715   -1.726111384    0.676790670   -2.439010205 
   414    33.324554476    7.130667127    0.613895859   -1.706723657    0.672712773   -2.423724730 
   415    33.274607162    7.147552410    0.654589417   -1.683304916    0.671083029   -2.411801402 
   416    33.290733495    7.113888145    0.772513047   -1.713747128    0.664969002   -2.395599195 
   417    33.173429390    7.004430647    0.749913805   -1.726332145    0.670754303   -2.381325311 
   418    33.203312653    7.083473919    0.805666761   -1.705050935    0.683879924   -2.366270185 
   419    33.306219349    7.121918973    0.703822369   -1.674407259    0.662356300   -2.365713369 
   420    33.385767671    7.192088395    0.791664380   -1.672318343    0.653562238   -2.394991764 
   421    33.414712584    7.115663798    0.854884017   -1.644056449    0.684548304   -2.368598357 
   422    33.471978885    7.190348246    0.815878198   -1.629444269    0.709013772   -2.366719143 
   423    33.536701542    7.041286596    0.821346066   -1.616178627    0.716662704   -2.342283900 
   424    33.467119806    6.936926992    0.935106672   -1.641636446    0.694441701   -2.357668331 
   425    33.460065639    7.008417480    0.799932337   -1.623381399    0.673781017   -2.384119065 
   426    33.576716507    7.012052144    0.784974726   -1.608881677    0.688719442   -2.398282591 
   427    33.708252615    7.027897656    0.850436226   -1.578898916    0.674271303   -2.394600804 
   428    33.579767543    7.083982578    0.920306317   -1.609645901    0.663300621   -2.405875243 
   429    33.482718532    7.008637404    0.933083112   -1.628267588    0.694358894   -2.402546001 
   430    33.491139013    6.993744580    0.909916186   -1.622391341    0.682617330   -2.399413464 
   431    33.410412876    6.884635321    0.928290921   -1.604199235    0.675427362   -2.430490015 
   432    33.443666449    6.872488776    1.000885659   -1.595403604    0.679082753   -2.400988812 
   433    33.393225202    7.018362217    0.879230648   -1.618648785    0.677326327   -2.393527755 
   434    33.350034402    6.983400974    0.944328183   -1.642166708    0.690081448   -2.419105754 
   435    33.260788767    7.085725452    0.853189911   -1.641735245    0.708657637   -2.447097792 
   436    33.409350835    7.036767082    0.907959128   -1.643990126    0.731485095   -2.457886423 
   437    33.403775361    7.072720144    0.986717568   -1.620435582    0.738502899   -2.442000020 
   438    33.286174297    6.967290487    0.979769182   -1.612994410    0.738265716   -2.439123785 
   439    33.395097594    6.907531115    0.854717336   -1.625329513    0.712677908   -2.456741769 
   440    33.336067376    6.942773932    0.911013167   -1.619454575    0.701309556   -2.426888355 
   441    33.411618921    7.023939800    0.800651938   -1.627984447    0.699827207   -2.445665737 
   442    33.547427170    6.961727233    0.704106682   -1.657138217    0.692437707   -2.439420029 
   443    33.662784514    7.031147812    0.560051911   -1.688405390    0.671830718   -2.466131397 
   444    33.720701107    7.023117158    0.523643005   -1.697443251    0.694673382   -2.473795946 
   445    33.692160875    7.033841504    0.609972228   -1.720058746    0.722207645   -2.469369261 
   446    33.795473321    7.068780178    0.510059205   -1.724171557    0.729794458   -2.464856006 
   447    33.718101804    7.055626527    0.411200543   -1.694723602    0.699605852   -2.496072345 
   448    33.796927558    6.952714596    0.531596738   -1.672943277    0.700775185   -2.517125409 
   449    33.850463196    6.873110687    0.412356660   -1.669451879    0.716067237   -2.503455215 
   450    33.935373131    6.736811691    0.318056667   -1.675270247    0.731619707   -2.502036209 
   451    33.940253474    6.789636942    0.400630649   -1.695661138    0.744963350   -2.517875763 
   452    33.964558793    6.744198442    0.529152619   -1.667870876    0.764385148   -2.510981778 
   453    34.011165751    6.848990150    0.498287393   -1.686945060    0.785823952   -2.525402454 
   454    33.903498009    6.938163435    0.595394732   -1.665423495    0.813013390   -2.494771555 
   455    34.026525245    6.830687627    0.473045350   -1.649712669    0.801491823   -2.463471657 
   456    33.889245182    6.852066569    0.538752409   -1.640378740    0.790167945   -2.473327440 
   457    33.886988865    6.903344652    0.450789717   -1.647893154    0.806439233   -2.492663930 
   458    33.898575691    6.909774934    0.484676738   -1.626766708    0.832735158   -2.505056076 
   459    33.971228124    6.874417516    0.426106340   -1.615576833    0.855944601   -2.474260093 
   460    33.940662907    6.835857925    0.462200250   -1.635177154    0.845599981   -2.448259787 
   461    33.872403751    6.820973463    0.402267754   -1.636483303    0.859457088   -2.438477818 
   462    33.949426182    6.798055059    0.280576654   -1.641870620    0.869685867   -2.425934767 
   463    33.923352073    6.707446039    0.210422637   -1.654470989    0.853951749   -2.420501195 
   464    33.841205409    6.642835327    0.122400744   -1.681422765    0.858622695   -2.432267607 
   465    33.914396949    6.721988611    0.027670765   -1.650922089    0.853266176   -2.403456902 
   466    33.998645404    6.762555242    0.025980240   -1.669762471    0.824884556   -2.428255707 
   467    33.867396184    6.662389173   -0.043963226   -1.639110673    0.837867345   -2.444353766 
   468    33.933894364    6.772757632   -0.053336562   -1.634554859    0.843571219   -2.444270115 
   469    34.045128846    6.776308977   -0.185317157   -1.621761978    0.817202228   -2.458199009 
   470    34.028383104    6.873499495   -0.328623796   -1.652061015    0.789554852   -2.470285225 
   471    34.047690836    6.833370385   -0.188233392   -1.627182780    0.799555240   -2.456746352 
   472    34.110218861    6.877365135   -0.152736871   -1.650846243    0.778729008   -2.460874390 
   473    34.226520011    6.783513874   -0.294810613   -1.660764583    0.795905937   -2.476925170 
   474    34.186663258    6.728076255   -0.438209007   -1.669848543    0.789476730   -2.451797025 
   475    34.065485361    6.603563490   -0.536516652   -1.687181813    0.814050782   -2.427071680 
   476    34.191038166    6.541168579   -0.611771301   -1.668486350    0.788935865   -2.416585867 
   477    34.290307565    6.412908542   -0.574730511   -1.662450076    0.790113831   -2.404904537 
   478    34.244098939    6.464837233   -0.433982167   -1.664062258    0.798376849   -2.413619105 
   479    34.145230875    6.569356105   -0.438689185   -1.646640890    0.821435619   -2.444331733 
   480    34.073110323    6.644386834   -0.465130641   -1.631031672    0.797020502   -2.428636894 
   481    33.993097911    6.718807704   -0.482044424   -1.639710454    0.819365635   -2.458778726 
   482    34.045391416    6.691005675   -0.460654474   -1.623069988    0.792053770   -2.465395414 
   483    33.895768158    6.641160767   -0.463553250   -1.634231180    0.794759150   -2.483515650 
   484    33.840212304    6.616046939   -0.373051181   -1.638013427    0.821271895   -2.501039983 
   485    33.971213850    6.684133807   -0.520091062   -1.638256705    0.818520783   -2.504742684 
   486    33.981048538    6.728834845   -0.588007615   -1.662750727    0.817175962   -2.477992158 
   487    33.842806245    6.649620234   -0.633816945   -1.666561692    0.786253227   -2.482288701 
   488    33.830064197    6.549082187   -0.515600745   -1.656229332    0.774366756   -2.495033449 
   489    33.706788894    6.554023173   -0.400769419   -1.641926018    0.761117999   -2.504395118 
   490    33.811484020    6.447641302   -0.407025825   -1.669007489    0.739792700   -2.506700316 
   491    33.750665495    6.354478408   -0.423915833   -1.665106696    0.743850104   -2.530839493 
   492    33.604536999    6.342890724   -0.319740219   -1.688195296    0.772996096   -2.537698193 
   493    33.712129720    6.368202624   -0.408857660   -1.707660064    0.767985757   -2.563424222 
   494    33.583372283    6.474350096   -0.476154712   -1.738224660    0.794038344   -2.577996846 
   495    33.637561054    6.336313649   -0.461487074   -1.752284262    0.790709579   -2.569972720 
   496    33.693670876    6.271229229   -0.542706418   -1.746608578    0.771912053   -2.565183403 
   497    33.557386069    6.159545941   -0.534262930   -1.733366722    0.762756985   -2.595242470 
   498    33.682089582    6.060405991   -0.599880722   -1.706726371    0.775215154   -2.597503607 
   499    33.729213909    6.191016704   -0.691579028   -1.729521387    0.804036950   -2.589374828 
   500    33.850768261    6.130478170   -0.650021227   -1.706341304    0.794916714   -2.561534902 
   501    33.745286994    5.989355728   -0.636897128   -1.705644138    0.788519815   -2.545286304 
   502    33.852155662    6.120074329   -0.770070821   -1.731486066    0.765893445   -2.554061000 
   503    33.721693286    6.135038970   -0.654244867   -1.725430351    0.738205154   -2.584405692 
   504    33.817340181    6.225294629   -0.504352755   -1.723569879    0.731313505   -2.612774708 
   505    33.743493971    6.329050835   -0.584428913   -1.746299221    0.720132032   -2.615179209 
   506    33.688192991    6.406474765   -0.671198250   -1.737172507    0.741908270   -2.590969516 
   507    33.783547637    6.437189643   -0.794235854   -1.721337414    0.713428492   -2.562666174 
   508    33.697371903    6.512028247   -0.706695143   -1.732738415    0.703444900   -2.534321247 
   509    33.650447630    6.362320496   -0.797154362   -1.708680620    0.673799944   -2.516879941 
   510    33.774269562    6.402252435   -0.802069125   -1.720289240    0.695063542   -2.539299368 
   511    33.812797035    6.338495690   -0.827720922   -1.733054065    0.668093656   -2.509772260 
   512    33.667611977    6.482324137   -0.770827975   -1.730262727    0.688642050   -2.488267580 
   513    33.598715556    6.507620930   -0.782232626   -1.740354103    0.671911441   -2.518319682 
   514    33.509059968    6.455881715   -0.925768823   -1.742520361    0.696832821   -2.528469152 
   515    33.398399322    6.487290686   -0.883050471   -1.741965800    0.710406329   -2.531422404 
   516    33.477871719    6.531327276   -0.813513824   -1.770316549    0.681979205   -2.561479091 
   517    33.539833135    6.414629905   -0.698038236   -1.796268740    0.700976334   -2.581067003 
   518    33.418895949    6.520224203   -0.707393405   -1.804139586    0.709392890   -2.609514209 
   519    33.408507279    6.660897453   -0.670906327   -1.796376294    0.707933269   -2.587363856 
   520    33.499541247    6.805205521   -0.635160417   -1.822128603    0.710827890   -2.590969316 
   521    33.630829811    6.829864673   -0.546361268   -1.845006908    0.680624932   -2.621201624 
   522    33.771832333    6.979535317   -0.478707921   -1.842387398    0.671896620   -2.590025074 
   523    33.806226933    6.877309566   -0.547772775   -1.835741771    0.640560601   -2.606433542 
   524    33.687512883    7.026980293   -0.510956340   -1.829559645    0.624829265   -2.618318625 
   525    33.778165321    6.986893761   -0.522984679   -1.823384308    0.606094216   -2.597153785 
   526    33.834565481    6.980266964   -0.433856257   -1.825705221    0.609004273   -2.602152293 
   527    33.874237420    7.060722757   -0.524838052   -1.831834871    0.608457727   -2.628723637 
   528    33.728724554    6.931222856   -0.533463963   -1.861243307    0.609146874   -2.622666516 
   529    33.806222523    6.922836866   -0.614249029   -1.837635860    0.608507040   -2.641770667 
   530    33.832619387    6.980093163   -0.528083724   -1.842285787    0.614939070   -2.666560727 
   531    33.834704808    7.004407535   -0.661134241   -1.854975022    0.635372128   -2.635857403 
   532    33.728101466    7.121087288   -0.797859165   -1.886022504    0.621860449   -2.631686732 
   533    33.672797381    6.972292299   -0.817686404   -1.891708179    0.621941959   -2.659264363 
   534    33.725195238    6.858385836   -0.864138044   -1.922380466    0.614619925   -2.656652255 
   535    33.656637049    6.738707335   -0.932437095   -1.926917149    0.592627825   -2.678430731 
   536    33.639157850    6.838394900   -0.944216260   -1.936134049    0.589091739   -2.691863604 
   537    33.529648877    6.950349747   -0.857858007   -1.963762477    0.582153766   -2.686958477 
   538    33.396921629    7.062524861   -0.956340561   -1.970642940    0.595066156   -2.714843178 
   539    33.360461558    6.998049097   -0.810738050   -1.940912598    0.620856172   -2.727378239 
   540    33.310902980    7.100485087   -0.790948357   -1.942673249    0.605747213   -2.753671283 
   541    33.438953689    7.224719038   -0.780970182   -1.971356252    0.591263616   -2.760053777 
   542    33.403445390    7.298358934   -0.914537983   -1.968389891    0.573893273   -2.761599792 
   543    33.450784791    7.262867695   -0.827119817   -1.980502793    0.605289208   -2.746245885 
   544    33.489908853    7.330032409   -0.818473261   -1.978975021    0.623458189   -2.726727329 
   545    33.413783755    7.257987901   -0.765371240   -1.995920345    0.609996892   -2.714674614 
   546    33.407879176    7.196914548   -0.858302003   -1.978668492    0.596438874   -2.713469463 
   547    33.539214857    7.087531345   -0.862617599   -1.983049791    0.594129561   -2.724973705 
   548    33.603854169    6.990775326   -0.987035486   -1.962079072    0.610628779   -2.722922533 
   549    33.713233289    6.890925549   -0.901206452   -1.955722807    0.629083065   -2.721673654 
   550    33.821523642    6.934713658   -0.906109512   -1.962418639    0.659653407   -2.743829081 
   551    33.820523462    7.055531869   -0.908957005   -1.959629705    0.635273626   -2.743858813 
   552    33.720967725    7.186940614   -0.878273519   -1.982924316    0.640488019   -2.749882251 
   553    33.729846163    7.079879728   -0.770313768   -1.973390659    0.636874040   -2.722159114 
   554    33.753344669    7.050417481   -0.732645306   -1.990672183    0.619650598   -2.718278686 
   555    33.839956235    7.063635593   -0.783233390   -1.986595079    0.641217296   -2.718638616 
   556    33.771819936    7.179466589   -0.657732077   -1.986417266    0.634858079   -2.710860622 
   557    33.648950053    7.062436589   -0.585808579   -1.986358526    0.664789890   -2.687930337 
   558    33.521967862    7.059456297   -0.577794368   -1.993933389    0.687994104   -2.694592475 
   559    33.654109640    6.921699560   -0.612937208   -2.014692861    0.695646783   -2.685576640 
   560    33.590259625    6.783568694   -0.756706826   -2.016676566    0.688839162   -2.675394894 
   561    33.615568175    6.643716639   -0.799313114   -2.031631101    0.702269937   -2.683282953 
   562    33.485116782    6.501760065   -0.742549229   -2.007125309    0.731136276   -2.667533732 
   563    33.416231301    6.413135923   -0.845884497   -2.035344983    0.709556924   -2.693349327 
   564    33.495156076    6.461848160   -0.733291326   -2.038094554    0.710245432   -2.714163320 
   565    33.567510554    6.526663729   -0.846909844   -2.068630869    0.711504810   -2.701996293 
   566    33.630798627    6.434959229   -0.711707390   -2.044502516    0.712327155   -2.700211633 
   567    33.631744825    6.508404036   -0.796235252   -2.017988246    0.730865488   -2.721667711 
   568    33.650766583    6.505451896   -0.753195473   -2.027468936    0.703886311   -2.696186893 
   569    33.778156905    6.591844969   -0.900854287   -2.058239714    0.673990598   -2.714730190 
   570    33.839437981    6.728836299   -0.975547669   -2.061749899    0.656822106   -2.713083968 
   571    33.720779916    6.755372382   -0.848652669   -2.057863742    0.674782919   -2.739956362 
   572    33.574281919    6.775859917   -0.758987547   -2.077560624    0.660237393   -2.712787348 
   573    33.499895443    6.859125109   -0.793281623   -2.048204426    0.675842213   -2.726828749 
   574    33.617018386    6.935833364   -0.669393304   -2.076163827    0.682295110   -2.718256087 
   575    33.759169652    6.929352326   -0.683725752   -2.094452909    0.687901940   -2.735215139 
   576    33.673929730    7.047985950   -0.729092072   -2.071498194    0.683504126   -2.765526881 
   577    33.804072320    7.101765540   -0.867741335   -2.060471672    0.706469471   -2.752753278 
   578    33.821074538    7.047271081   -1.006887889   -2.070106398    0.704631639   -2.745898880 
   579    33.892233408    7.184251434   -1.133959224   -2.099203359    0.678307633   -2.753468876 
   580    33.777779050    7.159400482   -1.235945803   -2.122464347    0.664658585   -2.730707306 
   581    33.732468906    7.153001690   -1.104292532   -2.135220351    0.650014420   -2.710071556 
   582    33.777780901    7.171235638   -1.068090844   -2.116347718    0.667225394   -2.705452892 
   583    33.665058237    7.108158593   -0.927275159   -2.089339414    0.660434113   -2.678396770 
   584    33.780066573    7.031512184   -0.788292638   -2.085726114    0.655784915   -2.650545861 
   585    33.769769792    7.148768758   -0.640024332   -2.084742855    0.655082654   -2.665974035 
   586    33.730718531    7.274914705   -0.674953405   -2.108152727    0.630049057   -2.685410496 
   587    33.782190425    7.229226291   -0.732480275   -2.107185391    0.638383098   -2.677036075 
   588    33.789488925    7.085851574   -0.821348886   -2.103003797    0.655500687   -2.677460065 
   589    33.808087507    7.173861175   -0.907812443   -2.077483168    0.637253302   -2.654530749 
   590    33.822230814    7.238777658   -0.775407725   -2.067742264    0.667793521   -2.651679663 
   591    33.777380695    7.356375881   -0.683057568   -2.044571700    0.690386480   -2.633429750 
   592    33.644184983    7.214074830   -0.639084258   -2.068000369    0.661719004   -2.654052319 
   593    33.768031271    7.161306127   -0.662503672   -2.059749478    0.679608069   -2.662415571 
   594    33.694724549    7.285699739   -0.766432805   -2.051434671    0.674170830   -2.680369747 
   595    33.604800260    7.210257211   -0.894460289   -2.073627659    0.656708059   -2.706296713 
   596    33.468985556    7.241437366   -0.913704020   -2.086542558    0.656029217   -2.718296667 
   597    33.509389617    7.337938843   -0.806975442   -2.071561904    0.666612857   -2.732653636 
   598    33.489572785    7.378319716   -0.868320221   -2.054148794    0.671151058   -2.728045800 
   599    33.358259639    7.463864725   -0.794814280   -2.031181449    0.654619571   -2.714212081 
   600    33.403250554    7.528402522   -0.761958337   -2.023581053    0.629255397   -2.739786293 
   601    33.322327565    7.503523364   -0.878744841   -2.019456176    0.656186741   -2.711322992 
   602    33.385859128    7.538770247   -0.777679235   -2.006635596    0.650852635   -2.723747079 
   603    33.357923685    7.658305597   -0.923619566   -1.978152794    0.651625962   -2.753582131 
   604    33.327479394    7.516853225   -0.880787117   -1.988082049    0.643183303   -2.783937807 
   605    33.370439577    7.502841079   -0.901654883   -1.986503629    0.658087061   -2.787406131 
   606    33.222748127    7.633360010   -0.989308654   -1.974601091    0.630405210   -2.771602754 
   607    33.266078015    7.713060675   -0.939757256   -1.949459958    0.621705258   -2.766106106 
   608    33.201113251    7.692937191   -0.916583820   -1.963199331    0.614615697   -2.739210628 
   609    33.189891686    7.759296572   -0.876728776   -1.987640968    0.598804329   -2.763501505 
   610    33.144902051    7.717221518   -1.020617438   -1.976270751    0.570700240   -2.779599639 
   611    33.222704324    7.708962014   -1.024630590   -1.976875591    0.589370009   -2.770770552 
   612    33.250221349    7.683652313   -1.083004139   -1.974562576    0.590993937   -2.745228194 
   613    33.246115008    7.735726557   -1.201571198   -1.979077980    0.594071067   -2.749143802 
   614    33.377139758    7.624568913   -1.286406453   -1.950401679    0.566712543   -2.744331769 
   615    33.467457906    7.736600200   -1.332369359   -1.935352098    0.540456670   -2.724498571 
   616    33.525887509    7.747315946   -1.375224867   -1.917888901    0.520424259   -2.712929860 
   617    33.528767097    7.781688097   -1.395629703   -1.919213804    0.525641727   -2.733853008 
   618    33.665367272    7.723229473   -1.251985062   -1.913266720    0.500140537   -2.722561145 
   619    33.692250181    7.679342644   -1.216022295   -1.922359120    0.496773122   -2.752782539 
   620    33.682642396    7.825739297   -1.112304321   -1.915909934    0.505488532   -2.744871043 
   621    33.600001089    7.679992697   -1.041873817   -1.911618537    0.515373528   -2.753166428 
   622    33.745236384    7.687580520   -0.940997074   -1.936427339    0.541381945   -2.773146418 
   623    33.804205346    7.732815902   -0.845744558   -1.960613548    0.511356299   -2.771788635 
   624    33.682890015    7.804210807   -0.817141210   -1.932894904    0.494837824   -2.767367184 
   625    33.606292286    7.851864344   -0.682830483   -1.906435582    0.506415700   -2.751448490 
   626    33.731750724    7.892540197   -0.778165123   -1.875778322    0.522892172   -2.741994454 
   627    33.819444766    7.983928569   -0.633912350   -1.871901029    0.522534974   -2.742839796 
   628    33.861146661    7.984213343   -0.756682271   -1.861265948    0.550392265   -2.753818247 
   629    33.970429640    8.093939555   -0.686973994   -1.886151621    0.544311896   -2.781402874 
   630    33.976987060    8.077045411   -0.543270627   -1.890394506    0.560441738   -2.805607401 
   631    34.059201207    8.135556866   -0.402415191   -1.910292199    0.585890117   -2.827353046 
   632    34.129797462    8.100231342   -0.480050474   -1.885380804    0.579271805   -2.847092686 
   633    34.024425924    8.091271027   -0.496017005   -1.855695459    0.574108630   -2.856603714 
   634    34.081685401    8.039962524   -0.625037233   -1.876472985    0.591095826   -2.828708374 
   635    34.174344398    8.179533173   -0.662968972   -1.877602178    0.604844772   -2.820883401 
   636    34.174258103    8.225330558   -0.640153410   -1.904300699    0.608197804   -2.835060102 
   637    34.264419334    8.251071452   -0.559127804   -1.934011927    0.624112776   -2.835846142 
   638    34.373757439    8.295786209   -0.463885504   -1.905446456    0.600845340   -2.810878202 
   639    34.263820954    8.427057296   -0.455355239   -1.882153032    0.604347445   -2.813064699 
   640    34.283410087    8.449836747   -0.401602421   -1.883150199    0.603855373   -2.788068824 
   641    34.184893630    8.599124978   -0.441752231   -1.869043714    0.623727965   -2.790009838 
   642    34.046073619    8.492518817   -0.535352974   -1.855529358    0.630510406   -2.818433859 
   643    34.065094532    8.427412074   -0.587370680   -1.872832877    0.636921399   -2.792884737 
   644    34.116804786    8.438719396   -0.581829351   -1.849784086    0.622161349   -2.806526669 
   645    33.975742543    8.384814432   -0.453199733   -1.819065660    0.640227241   -2.790845550 
   646    33.881056223    8.285665400   -0.597178849   -1.832742924    0.620696918   -2.806595997 
   647    33.900242467    8.234868942   -0.573732837   -1.824328436    0.613235307   -2.807905643 
   648    34.020481839    8.332364015   -0.598436279   -1.810697075    0.622187734   -2.825757382 
   649    34.123245617    8.218005415   -0.654902623   -1.817363546    0.618126784   -2.840654318 
   650    34.014307149    8.091801215   -0.624082566   -1.804726027    0.643612233   -2.850601289 
   651    33.962871012    8.059394124   -0.536139507   -1.780427084    0.665219783   -2.869148690 
   652    33.931954777    8.163273823   -0.525334627   -1.790064276    0.637990394   -2.896444464 
   653    33.963229836    8.049759843   -0.550761680   -1.802509668    0.649151536   -2.867465117 
   654    34.085825212    8.136333972   -0.524030986   -1.827161470    0.673421360   -2.868824531 
   655    34.148837658    8.076742968   -0.669455474   -1.802722687    0.682831793   -2.899621349 
   656    34.026438566    8.214031542   -0.693486988   -1.792413477    0.713445545   -2.908906164 
   657    33.899070872    8.269880546   -0.619334728   -1.785916919    0.744779170   -2.927501803 
   658    34.020416463    8.146337474   -0.562214104   -1.808773628    0.749744489   -2.944174050 
   659    34.064486385    8.075449748   -0.507516596   -1.808004116    0.760103794   -2.965286088 
   660    33.967124976    8.131941095   -0.548033048   -1.788474390    0.756225472   -2.982722687 
   661    33.928726221    8.021216704   -0.628173006   -1.789983475    0.767180687   -2.978853380 
   662    33.990261492    8.133855350   -0.691721979   -1.762381848    0.777782178   -2.964808863 
   663    34.065610415    8.274319234   -0.691043591   -1.770228372    0.781677106   -2.976722685 
   664    34.024611645    8.415055622   -0.569880948   -1.773488917    0.778255082   -2.965939577 
   665    34.113993993    8.290591714   -0.674145922   -1.755304669    0.747919119   -2.974815855 
   666    34.064882004    8.328493691   -0.730839853   -1.744422149    0.770275569   -2.992883928 
   667    34.120846098    8.428715312   -0.619603809   -1.750524200    0.742174824   -3.010034308 
   668    34.026376194    8.490568036   -0.645142898   -1.736511938    0.713678943   -2.990046965 
   669    33.895522799    8.568264979   -0.636363289   -1.755911834    0.730826169   -3.016877175 
   670    33.764971968    8.709479230   -0.602511037   -1.781149223    0.707700284   -3.030456507 
   671    33.706973525    8.741425995   -0.727638822   -1.788755361    0.693499747   -3.015528892 
   672    33.810279532    8.867672788   -0.691123896   -1.765674073    0.698287577   -2.997825711 
   673    33.889403686    8.939613423   -0.667540565   -1.780882776    0.707603385   -3.014095850 
   674    33.768768512    9.038498472   -0.538974601   -1.773137596    0.736411426   -3.036564624 
   675    33.874100526    9.047015372   -0.543872276   -1.795568607    0.722456383   -3.059355409 
   676    34.014114261    8.991664534   -0.631235543   -1.812475901    0.744491601   -3.088620618 
   677    33.989477115    9.059192724   -0.686446436   -1.834193469    0.736387433   -3.111901580 
   678    33.928303731    8.965965108   -0.631980464   -1.838142563    0.761541505   -3.123171538 
   679    33.789179963    8.860210604   -0.605737645   -1.841394113    0.754645688   -3.121222934 
   680    33.727271600    8.801493318   -0.642469918   -1.830083966    0.770004695    3.137113812 
   681    33.762273283    8.818728019   -0.585254549   -1.826627084    0.740691223    3.127007207 
   682    33.698301883    8.843404717   -0.462488694   -1.806869778    0.723883139   -3.136120447 
   683    33.822332793    8.718120457   -0.358242418   -1.834092153    0.719084094    3.118182131 
   684    33.952096837    8.865488019   -0.448658066   -1.843963634    0.717060885    3.124802775 
   685    34.080241702    8.892279681   -0.349355117   -1.867397742    0.693774721    3.116549834 
   686    33.951488932    8.846931899   -0.469080679   -1.885540252    0.702305667    3.113834752 
   687    33.841270306    8.906232468   -0.588150127   -1.877658180    0.729938827    3.104965062 
   688    33.912641097    9.028029594   -0.632311108   -1.846685211    0.754386264    3.078463195 
   689    33.971210592    8.978588109   -0.711847632   -1.816433495    0.723753279    3.060998486 
   690    33.975092984    8.862529338   -0.744401668   -1.792046985    0.718208285    3.082298613 
   691    34.039298409    8.899523335   -0.781723932   -1.808602624    0.726630329    3.067621984 
   692    33.972390344    8.907937351   -0.745824951   -1.839161168    0.709477249    3.090620738 
   693    34.017242856    8.846889819   -0.819309335   -1.833849920    0.718184977    3.103916919 
   694    34.153753623    8.994918385   -0.748663000   -1.847504721    0.710343984    3.133900548 
   695    34.018391669    9.073590478   -0.833733075   -1.833962460    0.720080840   -3.139838171 
   696    34.029063442    9.127292008   -0.767556216   -1.842281272    0.717772968   -3.124853903 
   697    34.050673453    9.045745897   -0.687814293   -1.860602567    0.723200952   -3.137538781 
   698    34.021140969    8.951617685   -0.609533599   -1.866682794    0.692355380   -3.123310775 
   699    33.938176608    8.989170467   -0.648939544   -1.861904623    0.666992125   -3.135670113 
   700    34.065346970    8.972652421   -0.605172723   -1.866843509    0.692108847   -3.135210928 
   701    34.083786706    8.864861867   -0.683227638   -1.862068225    0.717277870   -3.138007107 
   702    33.998167447    8.962700739   -0.790792878   -1.873983767    0.714929729    3.132561209 
   703    34.066663698    8.848312619   -0.806509371   -1.847208352    0.701847386    3.137647104 
   704    33.918652394    8.888423545   -0.953854474   -1.819158809    0.686537828   -3.123513188 
   705    33.951039495    8.797097656   -1.005984400   -1.836299486    0.671899499   -3.123811562 
   706    33.966876031    8.840368646   -0.989533361   -1.855257257    0.670611072   -3.130950840 
   707    33.915664924    8.848990659   -1.080852037   -1.854817743    0.642978018    3.135330643 
   708    33.944301690    8.885363699   -0.987163836   -1.848117011    0.640097414   -3.139652015 
   709    33.922718970    8.801213711   -0.859050486   -1.849721131    0.630218634   -3.114973241 
   710    33.940773090    8.761107268   -0.815316399   -1.853610506    0.611378978   -3.121117933 
   711    33.986177008    8.617645621   -0.949885465   -1.835033452    0.625943021    3.131911100 
   712    34.095907914    8.717792109   -0.841870847   -1.845508250    0.651963175   -3.137627623 
   713    33.956875359    8.784500055   -0.708637999   -1.866718513    0.662718642   -3.134497081 
   714    33.975493350    8.828330989   -0.715536606   -1.860469950    0.657840593   -3.118106918 
   715    34.064394040    8.831735847   -0.816456784   -1.869300885    0.682137165   -3.139599898 
   716    34.017900501    8.732656040   -0.964883800   -1.874189054    0.678903231    3.115080566 
   717    34.152162781    8.590885539   -1.094053584   -1.871374824    0.678254542    3.112391392 
   718    34.117619928    8.507680003   -1.036592599   -1.859031549    0.661763780    3.139490477 
   719    34.247426224    8.542035715   -1.000991164   -1.831456772    0.684946549    3.111508883 
   720    34.292171397    8.515479257   -1.064380770   -1.845797271    0.685219674    3.121750600 
   721    34.316040936    8.489179423   -1.047816288   -1.859293883    0.661676500    3.120703580 
   722    34.296641686    8.472137625   -1.084331962   -1.866420786    0.686587601    3.097909394 
   723    34.385393712    8.448886627   -1.156464441   -1.856496144    0.666874243    3.068615349 
   724    34.248902309    8.335876641   -1.014716620   -1.847505969    0.667616950    3.054742247 
   725    34.266173838    8.445491747   -0.904290283   -1.847672359    0.643629036    3.034090990 
   726    34.290333643    8.390995327   -0.792401921   -1.834571488    0.639772132    3.016916148 
   727    34.419646173    8.263265050   -0.758523556   -1.817605879    0.626438197    2.985625804 
   728    34.385927451    8.397498107   -0.646857664   -1.801783224    0.604207123    2.956163245 
   729    34.352373219    8.256956048   -0.689362642   -1.785943465    0.604586345    2.979279516 
   730    34.386429516    8.228789924   -0.680411972   -1.789864917    0.596055078    2.975013282 
   731    34.263058470    8.151863775   -0.575459817   -1.810550611    0.592073917    2.986659300 
   732    34.381366581    8.184746037   -0.476867998   -1.816388382    0.596734362    2.969205612 
   733    34.431067120    8.330209525   -0.342692382   -1.805439124    0.604935429    2.970771938 
   734    34.565784882    8.353445697   -0.309189840   -1.827805708    0.609149382    2.945488589 
   735    34.510154488    8.391556394   -0.348087173   -1.810304208    0.608364349    2.926820434 
   736    34.367234856    8.350467382   -0.351813578   -1.799857223    0.596112226    2.917313637 
   737    34.306671501    8.278349759   -0.421616164   -1.791569427    0.572535916    2.890377339 
   738    34.254328293    8.320969930   -0.385063663   -1.794755189    0.562983302    2.859463685 
   739    34.237017026    8.366251048   -0.439709869   -1.791858075    0.552578238    2.860225232 
   740    34.370614240    8.506231026   -0.499255964   -1.801637826    0.564128694    2.862693249 
   741    34.406906101    8.493855914   -0.442495073   -1.787294886    0.578869378    2.878872495 
   742    34.434411558    8.476137957   -0.486655643   -1.766143071    0.607727593    2.859612226 
   743    34.526684507    8.544235725   -0.376623739   -1.736875258    0.611930633    2.860302768 
   744    34.642772213    8.617049745   -0.526217049   -1.724239721    0.600753509    2.868033085 
   745    34.527853543    8.508374010   -0.604334839   -1.754095031    0.577481690    2.860401448 
   746    34.512766439    8.448032707   -0.582797656   -1.758195438    0.561838837    2.877706014 
   747    34.528538852    8.342725482   -0.594177448   -1.730141671    0.571208572    2.904056764 
   748    34.674771008    8.287482637   -0.636817395   -1.748045573    0.564222811    2.875996098 
   749    34.801883605    8.328214132   -0.555956645   -1.752561283    0.546493840    2.863114463 
   750    34.949053199    8.304663739   -0.663303552   -1.766343699    0.534904583    2.874257896 
   751    34.926972383    8.351711811   -0.715105268   -1.747426248    0.521880154    2.891843320 
   752    34.856748238    8.301783626   -0.696502448   -1.745583611    0.521819492    2.912817064 
   753    34.725212690    8.215088622   -0.557776187   -1.731290795    0.502793250    2.901500443 
   754    34.683426339    8.280728658   -0.510439445   -1.700595577    0.532107049    2.904260573 
   755    34.829476074    8.206929581   -0.426574847   -1.718972233    0.540219581    2.873504750 
   756    34.777325923    8.076635116   -0.295166812   -1.699396130    0.537464589    2.893142909 
   757    34.888301802    8.010361235   -0.421295919   -1.698658541    0.552230114    2.881946276 
   758    34.919920371    8.125816383   -0.302275192   -1.713210436    0.550199017    2.882469479 
   759    34.931332002    8.163529843   -0.197611035   -1.719959405    0.563565325    2.871096354 
   760    35.027817788    8.169277351   -0.153028681   -1.737387120    0.560554620    2.866388093 
   761    34.997896914    8.242303815   -0.066590464   -1.712587503    0.557331383    2.870305160 
   762    35.085815368    8.177179062   -0.202100371   -1.738402205    0.528473305    2.857163024 
   763    35.128877318    8.134817584   -0.331877270   -1.722070403    0.512932426    2.852825226 
   764    35.276951444    8.186424175   -0.258384093   -1.747409038    0.544062836    2.850108513 
   765    35.293954882    8.151259401   -0.165821100   -1.757286579    0.555389493    2.868994525 
   766    35.252878323    8.069434339   -0.179847679   -1.759622403    0.526238601    2.865962764 
   767    35.241082969    8.116054440   -0.184638290   -1.786552162    0.524064946    2.837258040 
   768    35.198912336    7.979598243   -0.067763962   -1.792189597    0.523904241    2.835647922 
   769    35.341056699    8.055019942   -0.057331851   -1.766708118    0.530217425    2.845746697 
   770    35.264747997    8.001271381   -0.053872216   -1.786312242    0.521175398    2.835360581 
   771    35.249002684    7.981942888   -0.087093138   -1.786739311    0.499017108    2.828590655 
   772    35.129201110    7.864736951   -0.172579790   -1.760446000    0.514473571    2.801478915 
   773    35.084231846    7.988311630   -0.139707494   -1.730758001    0.505769496    2.827684474 
   774    35.037847468    8.094655688   -0.027761557   -1.730738052    0.515085423    2.855358507 
   775    34.927094356    8.227079467    0.120624843   -1.721810141    0.505354193    2.844031759 
   776    35.015124270    8.226801148    0.001263908   -1.727532707    0.485681658    2.869287512 
   777    34.891792725    8.196584977    0.035816197   -1.722437578    0.466756533    2.870299763 
   778    34.874530939    8.312552991    0.056227384   -1.746647180    0.453613674    2.858959197 
   779    34.861933236    8.258061702    0.074039203   -1.724591304    0.461801516    2.878423587 
   780    34.783707576    8.124351031    0.130547878   -1.740971197    0.463519236    2.891863590 
   781    34.781738511    8.021146655    0.199216146   -1.768940636    0.441210794    2.887250729 
   782    34.735272549    7.925703781    0.250653819   -1.770506992    0.410340151    2.914877866 
   783    34.764829121    8.071775938    0.257544008   -1.748538020    0.398172895    2.905137777 
   784    34.673949043    8.196429084    0.193104033   -1.761954172    0.387271727    2.883628286 
   785    34.578549302    8.286531623    0.280048705   -1.776019047    0.399002259    2.892858503 
   786    34.680336823    8.354096318    0.355491403   -1.773478681    0.405882852    2.906447807 
   787    34.570289137    8.487709122    0.261524730   -1.745337318    0.395428726    2.911344040 
   788    34.429076664    8.395518564    0.251642841   -1.742524231    0.398878191    2.904560808 
   789    34.385423887    8.288067530    0.215980798   -1.759147558    0.380481623    2.909278449 
   790    34.439830921    8.167725892    0.263202436   -1.789917030    0.365703534    2.883444058 
   791    34.526101546    8.138415440    0.258642733   -1.800392267    0.366523612    2.909614110 
   792    34.433780919    8.009060850    0.244188014   -1.795152984    0.397072270    2.901467906 
   793    34.479865340    7.871615244    0.166704916   -1.793307468    0.385278196    2.922665795 
   794    34.345053002    7.883233677    0.021188403   -1.775061120    0.416202127    2.952967045 
   795    34.280652916    7.774119946    0.156940776   -1.788527701    0.430676664    2.964905869 
   796    34.253225978    7.831074242    0.182197620   -1.818200544    0.432494904    2.937072189 
   797    34.235201153    7.832186753    0.124320838   -1.820561362    0.440448714    2.921291381 
   798    34.156491668    7.862612375    0.022338155   -1.848460149    0.437726757    2.897183435 
   799    34.264632124    7.967295383   -0.011828597   -1.840766776    0.446427197    2.870129626 
   800    34.123435617    7.871538332   -0.014008285   -1.825464195    0.439927054    2.891358258 
   801    34.157331484    7.922079328    0.003881770   -1.795541792    0.431584649    2.880680869 
   802    34.076344030    7.895251011   -0.049248668   -1.820942938    0.435850364    2.894433396 
   803    33.953532216    7.772086672   -0.011854020   -1.801192183    0.443857451    2.864082447 
   804    34.056316667    7.709859841    0.023816441   -1.794882344    0.455851409    2.852691472 
   805    34.137049744    7.841475148   -0.098776271   -1.815895657    0.471770826    2.879659225 
   806    34.117009805    7.894376171   -0.017664856   -1.792768160    0.490631563    2.895427856 
   807    34.213368739    7.988733841   -0.029385387   -1.765076153    0.512050577    2.884633235 
   808    34.311546379    8.035961966   -0.055450749   -1.781943935    0.521264815    2.912672419 
   809    34.370004854    8.140960635   -0.199025232   -1.759684027    0.520079746    2.916257353 
   810    34.347653560    8.022975507   -0.066469795   -1.781174407    0.550983212    2.916488823 
   811    34.380121833    7.968687181    0.005031791   -1.794916324    0.530580405    2.927688109 
   812    34.512448275    7.982540637    0.109746867   -1.774411703    0.500474418    2.943330287 
   813    34.372987728    7.944706315   -0.028726660   -1.761354658    0.519746550    2.944529125 
   814    34.449199917    7.956721585   -0.134121641   -1.735022553    0.550397695    2.949981314 
   815    34.378443315    8.093735316   -0.268638613   -1.727123481    0.521959241    2.966961141 
   816    34.373300089    7.999970647   -0.162382530   -1.754248328    0.493716215    2.962791090 
   817    34.475055043    8.106426819   -0.044272470   -1.736718994    0.495896145    2.968424294 
   818    34.509681215    8.183294986   -0.028589792   -1.712067682    0.496612070    2.958628221 
   819    34.520895174    8.077888471    0.091166225   -1.731907805    0.466701953    2.973031285 
   820    34.590812600    8.124268508    0.070756436   -1.722712319    0.468688454    2.996068576 
   821    34.586240049    8.249936172   -0.071283795   -1.722214852    0.472046272    2.990064165 
   822    34.535266893    8.377854546   -0.220360240   -1.694224766    0.442689277    2.961086501 
   823    34.684328214    8.404983788   -0.362369398   -1.713058376    0.464153166    2.958682104 
   824    34.648642867    8.493661666   -0.472846983   -1.700710136    0.480203854    2.973114245 
   825    34.512019875    8.385805867   -0.462423460   -1.698554918    0.486890915    2.944369920 
   826    34.474601791    8.287523614   -0.405673889   -1.690514704    0.505910864    2.959162989 
   827    34.452504098    8.223173449   -0.319899716   -1.663562263    0.481268533    2.953581931 
   828    34.314173051    8.259652853   -0.344488220   -1.634439836    0.455889609    2.958124033 
   829    34.246146167    8.220428425   -0.240615641   -1.608717887    0.430796389    2.977019659 
   830    34.380698616    8.100903673   -0.116671522   -1.635988928    0.460701606    2.950568834 
   831    34.313091828    8.220648303   -0.170697522   -1.649152636    0.431883406    2.971055881 
   832    34.300860823    8.205763720   -0.219600137   -1.621449513    0.443297345    2.978426321 
   833    34.200552534    8.355029441   -0.265513943   -1.617982050    0.445423017    2.962021481 
   834    34.176243692    8.449233562   -0.139853789   -1.648294802    0.426269516    2.991456233 
   835    34.073907621    8.431871118   -0.054993050   -1.647713567    0.447867525    2.999456455 
   836    34.176565101    8.535725578    0.051709004   -1.643554533    0.421367355    2.980965003 
   837    34.277939752    8.475830644   -0.095813135   -1.649771986    0.410819612    2.976670964 
   838    34.407420843    8.462508967   -0.148778903   -1.646371391    0.397284231    2.981716236 
   839    34.324723818    8.413506016   -0.039868369   -1.668276405    0.368547421    2.981168371 
   840    34.179521649    8.310584022   -0.022118787   -1.663183568    0.349286461    2.982026875 
   841    34.280317221    8.315219703    0.084049249   -1.632613938    0.368569791    2.979477265 
   842    34.310499683    8.385900193   -0.013390521   -1.602256953    0.357309222    2.965316127 
   843    34.241573891    8.370477934   -0.038545112   -1.629081499    0.345536860    2.935265459 
   844    34.308130986    8.407598448   -0.008228553   -1.609106457    0.336265210    2.914419387 
   845    34.369137706    8.523602245   -0.125056713   -1.621528014    0.320588981    2.910686511 
   846    34.382829450    8.518666688   -0.036978127   -1.601979468    0.327356446    2.903450154 
   847    34.310980012    8.473697629   -0.177304357   -1.576565267    0.329263467    2.890589233 
   848    34.372458857    8.541080093   -0.037791059   -1.597414294    0.330743463    2.875632067 
   849    34.469084631    8.529486626   -0.105701485   -1.605485513    0.321419387    2.901608835 
   850    34.452338292    8.597571689    0.043826390   -1.601162098    0.322959602    2.895282478 
   851    34.467901551    8.505782618    0.092265059   -1.623434201    0.327746868    2.875714671 
   852    34.319652919    8.600679519    0.129210936   -1.594749795    0.307531405    2.865389531 
   853    34.453861868    8.496595104    0.138382472   -1.618220613    0.289238864    2.835396680 
   854    34.355864406    8.591469510    0.181892104   -1.631395453    0.285590071    2.830056981 
   855    34.258344480    8.512063623    0.265768218   -1.621940580    0.303130146    2.832255446 
   856    34.301699005    8.395048585    0.121976609   -1.613678234    0.314573150    2.853740570 
   857    34.214021139    8.364779173    0.221247903   -1.591987785    0.341880555    2.865503200 
   858    34.280384581    8.372802401    0.162102326   -1.570400904    0.363682108    2.845927644 
   859    34.429504313    8.293058563    0.244374277   -1.569780305    0.368382081    2.843311821 
   860    34.559157251    8.279175196    0.306945162   -1.597173559    0.379657508    2.862595741 
   861    34.590065575    8.161370799    0.351179955   -1.598635093    0.406683474    2.881588064 
   862    34.552034860    8.185621065    0.359665894   -1.575025228    0.406011340    2.865657350 
   863    34.640814500    8.310676332    0.245121012   -1.582742098    0.427702468    2.889058425 
   864    34.754809373    8.321487678    0.155592445   -1.587804748    0.446371326    2.898822417 
   865    34.787759615    8.268371427    0.158157929   -1.593068075    0.476525751    2.911759543 
   866    34.925870966    8.239746252    0.048253441   -1.568970686    0.472761256    2.881306550 
   867    35.011395294    8.184312962    0.162093999   -1.596177512    0.495267615    2.906800401 
   868    34.990875931    8.052027422    0.160223551   -1.624433931    0.479667031    2.879926124 
   869    35.066248024    8.056566121    0.013836454   -1.614237551    0.482525045    2.902966702 
   870    35.013532589    8.010602636    0.028332591   -1.610168526    0.513782478    2.912804241 
   871    35.046018886    8.128982485   -0.058928152   -1.589485496    0.517961906    2.885655185 
   872    35.087255485    8.139157869   -0.077440338   -1.613260522    0.511500228    2.884737096 
   873    34.962283303    8.194715267    0.019554001   -1.596490581    0.486915744    2.873972905 
   874    35.054632141    8.089213522   -0.096310505   -1.610022406    0.503082332    2.877189174 
   875    35.065705803    8.205839030   -0.174053758   -1.579787024    0.519369434    2.881823042 
   876    35.106989686    8.221660385   -0.081288227   -1.569633581    0.509289678    2.895960585 
   877    35.187182489    8.264731810   -0.226413604   -1.550755236    0.520635207    2.911434310 
   878    35.061942666    8.362015522   -0.212105674   -1.528120250    0.532418034    2.927060821 
   879    35.058238385    8.434901570   -0.201405510   -1.526192053    0.543511508    2.950683894 
   880    35.206082383    8.493036924   -0.183933737   -1.550462250    0.552493058    2.969004451 
   881    35.282871199    8.458699334   -0.257846613   -1.523134275    0.571157551    2.999742994 
   882    35.423319354    8.415276703   -0.145714100   -1.501022281    0.583858993    3.024540178 
   883    35.492398712    8.331304835   -0.070472972   -1.489225200    0.581232085    2.997743953 
   884    35.639720159    8.283228691    0.071782477   -1.476847793    0.586440500    3.002183357 
   885    35.493913795    8.421224272    0.059489652   -1.488075831    0.566364610    3.009338482 
   886    35.354118762    8.302800598    0.151284597   -1.504285848    0.561152875    3.025814106 
   887    35.385661327    8.359251880    0.003737170   -1.509855481    0.542086552    3.052977794 
   888    35.325243510    8.221593519    0.062611562   -1.484959366    0.552585437    3.049894196 
   889    35.322207313    8.187496858    0.028390444   -1.457010463    0.557459842    3.050858682 
   890    35.326223511    8.252108311    0.154044387   -1.427730217    0.586280142    3.046150456 
   891    35.428065738    8.265349475    0.219717373   -1.439793137    0.617271490    3.033407462 
   892    35.309324051    8.186707696    0.097243740   -1.444816321    0.638365743    3.050035364 
   893    35.418159485    8.128317091    0.007743152   -1.470619555    0.632339729    3.027004853 
   894    35.565482411    8.200873020   -0.026551359   -1.492478081    0.641668676    3.020465904 
   895    35.530272080    8.202966739   -0.010172466   -1.514564499    0.618488403    3.007533541 
   896    35.406190754    8.099717350   -0.159522604   -1.520218935    0.616031204    3.021179474 
   897    35.434653749    8.085645321   -0.130358009   -1.541679013    0.630816898    3.025604485 
   898    35.515389613    8.030954548   -0.068273187   -1.545376542    0.602859714    3.029549858 
   899    35.535873981    8.154900503   -0.099413256   -1.557741948    0.595077108    3.004671191 
   900    35.660501615    8.103175891   -0.028055402   -1.539616866    0.580727752    3.002485855 
   901    35.747266698    7.978602839   -0.022621097   -1.556147996    0.597617919    3.030361404 
   902    35.709326691    8.077997321   -0.033511485   -1.572315751    0.571641981    3.037019472 
   903    35.850291359    7.947237021   -0.049461376   -1.561040500    0.557370068    3.013489484 
   904    35.927994042    8.068972872   -0.156187289   -1.575753793    0.554604471    3.025073357 
   905    35.965096815    8.135061746   -0.268377352   -1.607006190    0.541735414    3.039962387 
   906    35.820752942    8.091718999   -0.220377626   -1.594756411    0.568697432    3.021583478 
   907    35.793625866    8.037105640   -0.072378396   -1.571946614    0.567402211    3.030692211 
   908    35.837308829    8.019366266   -0.196472445   -1.580348247    0.591857491    3.014827180 
   909    35.690023748    7.874800150   -0.332550121   -1.592293641    0.611075200    3.003429951 
   910    35.782427987    7.919671963   -0.427707974   -1.566378304    0.621821930    3.020894888 
   911    35.662276967    7.806648314   -0.574766766   -1.557962412    0.622191954    3.002592085 
   912    35.637941210    7.899152234   -0.544298082   -1.550825258    0.619131241    2.990306660 
   913    35.602939840    7.912986217   -0.599013807   -1.531314484    0.625413254    3.004905062 
   914    35.639798250    7.869357848   -0.571963131   -1.557920686    0.614485049    3.009926587 
   915    35.572345608    7.970727719   -0.700645680   -1.576156592    0.630435153    3.006461125 
   916    35.670122012    7.874672788   -0.707655110   -1.601071970    0.652384652    3.029406872 
   917    35.595588969    7.930784634   -0.804816297   -1.584190157    0.675930703    3.024357397 
   918    35.628813137    7.880144127   -0.722598296   -1.569280898    0.696123891    3.004054975 
   919    35.626586528    7.752498833   -0.591851732   -1.596331390    0.668634275    3.007129454 
   920    35.711963145    7.882239603   -0.542528541   -1.616535430    0.667524375    2.976290806 
   921    35.653849426    7.968293989   -0.592525529   -1.629290411    0.690814602    2.958771620 
   922    35.621572918    7.958384329   -0.516154452   -1.626726033    0.669529709    2.964441546 
   923    35.679185190    8.093597056   -0.574816565   -1.625989722    0.658474651    2.937692768 
   924    35.611525274    8.013650085   -0.454441937   -1.623203107    0.666584336    2.933967884 
   925    35.649555857    7.911134717   -0.576677592   -1.616445674    0.685252245    2.913940333 
   926    35.657815290    7.939997275   -0.704844340   -1.625245212    0.696361259    2.942990697 
   927    35.704019278    7.903816505   -0.694502800   -1.601017300    0.687412049    2.926225716 
   928    35.730572935    7.947990860   -0.795149962   -1.608907725    0.695138990    2.943366882 
   929    35.588260510    7.879441084   -0.759013865   -1.618049724    0.716045698    2.926507972 
   930    35.669538578    7.781680357   -0.897536940   -1.626420375    0.686839975    2.949506742 
   931    35.653992499    7.775537718   -0.852182882   -1.625727072    0.707133322    2.976401185 
   932    35.604856618    7.722255444   -0.737256962   -1.595834512    0.708547383    2.958724376 
   933    35.650624940    7.624694951   -0.854560666   -1.596072306    0.702802003    2.972741866 
   934    35.781204912    7.567765485   -0.797737211   -1.564903456    0.722174905    2.998407343 
   935    35.731954493    7.483160309   -0.759752100   -1.536685147    0.743562827    3.013321568 
   936    35.660821783    7.480597534   -0.905357302   -1.560663930    0.761579627    3.044695557 
   937    35.559923031    7.573100314   -0.999355238   -1.581443088    0.737405173    3.073709339 
   938    35.553286771    7.629569089   -0.874224631   -1.569142158    0.720076067    3.090342223 
   939    35.672397769    7.752043254   -0.830827085   -1.560476908    0.715478160    3.100513770 
   940    35.655357339    7.749543734   -0.795966894   -1.583917966    0.692881192    3.076861446 
   941    35.785801197    7.707521007   -0.836210602   -1.582048498    0.680541956    3.090025662 
   942    35.761202155    7.589967746   -0.784594686   -1.576820247    0.679327267    3.081856946 
   943    35.649274119    7.543361456   -0.847778930   -1.596163538    0.664608336    3.071095152 
   944    35.717512432    7.396007109   -0.761114670   -1.607324049    0.669470018    3.060658268 
   945    35.829897577    7.340894715   -0.867007901   -1.577626202    0.672483873    3.087976427 
   946    35.852225240    7.408766377   -0.954802357   -1.588507750    0.684320149    3.103055941 
   947    35.953312276    7.519777241   -1.034740763   -1.583671366    0.658910958    3.093443675 
   948    36.039267330    7.542985466   -1.018996462   -1.592734168    0.653123207    3.095013214 
   949    35.910787327    7.635066045   -1.024463687   -1.585294447    0.660074747    3.068751638 
   950    35.953712327    7.555813769   -0.946028647   -1.607990404    0.680475547    3.072228893 
   951    36.000642943    7.590807826   -0.865781564   -1.591414669    0.686859521    3.074026872 
   952    35.953227098    7.511866590   -0.880026514   -1.607470535    0.679869315    3.062519065 
   953    35.816657806    7.603750883   -0.991002076   -1.632063797    0.672439597    3.089931487 
   954    35.733224741    7.672686725   -0.969980261   -1.614157301    0.698773801    3.082011146 
   955    35.716105672    7.702181018   -0.991116830   -1.627391372    0.725221426    3.052492525 
   956    35.770850344    7.682544698   -0.875058614   -1.637661709    0.730910449    3.082577691 
   957    35.881386701    7.658850748   -0.786880781   -1.656673525    0.745877422    3.064683423 
   958    36.011239904    7.645118371   -0.899741161   -1.677308368    0.745773580    3.063251950 
   959    35.915514434    7.601148950   -0.957111369   -1.704083963    0.726732554    3.068754334 
   960    35.892288348    7.604176678   -1.063884699   -1.724500761    0.716817254    3.044739180 
   961    35.860365633    7.604646820   -1.189551597   -1.697116578    0.704750783    3.029828511 
   962    35.835467958    7.612525251   -1.040019461   -1.692209741    0.676239023    3.024881820 
   963    35.836291879    7.729143656   -1.002553106   -1.705791871    0.668903467    3.038083648 
   964    35.806012908    7.624363081   -0.923380901   -1.698111833    0.690628241    3.045273216 
   965    35.937397317    7.726197085   -0.913225391   -1.710029432    0.705912302    3.044790222 
   966    36.016554947    7.848862905   -0.990367532   -1.736201762    0.702988785    3.056320774 
   967    35.957445309    7.842580821   -0.934323105   -1.751662386    0.728992210    3.041729284 
   968    35.822227994    7.730041596   -0.869522570   -1.758031707    0.741620228    3.049687516 
   969    35.817791815    7.834370659   -0.934068281   -1.733868348    0.771052007    3.040921781 
   970    35.738881881    7.921421978   -0.961373546   -1.712145067    0.747534096    3.015392183 
   971    35.725841810    8.010053214   -0.984271547   -1.732929668    0.723164785    3.000669392 
   972    35.676027086    8.083125202   -1.081091431   -1.739520981    0.753801643    2.997704493 
   973    35.773807681    8.109774434   -1.053268674   -1.714599123    0.759338371    2.969782413 
   974    35.633161016    7.962575519   -1.012927556   -1.725316240    0.744199602    2.956734025 
   975    35.603782004    8.054515809   -0.988278268   -1.710133586    0.763423431    2.967446636 
   976    35.659653328    8.064283279   -1.113986491   -1.700825919    0.761997404    2.948435510 
   977    35.723855350    8.134178767   -1.088327257   -1.704143683    0.753652264    2.927133442 
   978    35.763425952    8.275483779   -1.160442283   -1.702416857    0.776891384    2.905859142 
   979    35.768819682    8.130343836   -1.146926603   -1.715399358    0.767626951    2.906352887 
   980    35.625330369    8.093458679   -1.244710182   -1.728079277    0.780072649    2.901565487 
   981    35.638680436    8.187681121   -1.241198520   -1.732411329    0.776855537    2.904509226 
   982    35.568654367    8.081157460   -1.287554314   -1.721727554    0.802684827    2.935140129 
   983    35.707032155    8.028766016   -1.192206155   -1.718024859    0.829803341    2.913430311 
   984    35.576523075    7.904557675   -1.230288763   -1.730572907    0.839060546    2.896581603 
   985    35.579070414    7.984500141   -1.362155864   -1.719846284    0.814837910    2.878240671 
   986    35.705634955    8.133035922   -1.243005693   -1.748014582    0.789648854    2.869207180 
   987    35.680194808    8.261953653   -1.154025352   -1.732362848    0.802247727    2.864540869 
   988    35.808482333    8.112763569   -1.301108526   -1.740000296    0.818210871    2.851034388 
   989    35.668289010    8.013942320   -1.439564740   -1.710711854    0.832918099    2.846522723 
   990    35.722757384    7.974370840   -1.533506829   -1.725265685    0.834580639    2.835708328 
   991    35.598735347    7.942055463   -1.663582391   -1.724901800    0.836877767    2.851840540 
   992    35.513508762    7.844272606   -1.593490911   -1.696210264    0.838921990    2.831706703 
   993    35.515595938    7.894513043   -1.582888009   -1.689315006    0.861326924    2.816143079 
   994    35.426057331    7.989546305   -1.433926402   -1.704492870    0.845277858    2.785324058 
   995    35.461724385    8.040508668   -1.531545204   -1.716755070    0.821550625    2.763708424 
   996    35.390039001    8.076917462   -1.428938595   -1.704149308    0.802383586    2.773228499 
   997    35.240769868    8.049967102   -1.399832234   -1.719880063    0.814919782    2.789234742 
   998    35.156391161    8.025573844   -1.371171168   -1.719617262    0.784902710    2.792943975 
   999    35.092466629    7.940277094   -1.448530681   -1.699168881    0.760142674    2.783179837 
  1000    35.216506002    8.061366607   -1.538470368   -1.716777110    0.776848177    2.782699556 
