  IP_DNM1_S1  
   103 5
   1    -13.0600     -3.2300   -100.0000   -100.0000
   2    -20.0000      0.0000   -100.0000   -100.0000
   3     -5.4100     -3.6100   -100.0000   -100.0000
   4     -9.3300     -5.8800   -100.0000   -100.0000
   5    -14.0000     -8.2400   -100.0000   -100.0000
   6    -21.4000    -10.7000   -100.0000   -100.0000
   7    -25.5800    -13.2500   -100.0000   -100.0000
   8    -32.4900    -15.8800   -100.0000   -100.0000
   9    -40.1400    -18.6100   -100.0000   -100.0000
  10      0.0000      0.0000   -100.0000   -100.0000
  11     -4.8600     -2.8600     -1.5100   -100.0000
  12     -8.1100     -4.5500     -1.7600   -100.0000
  13    -11.4200     -6.2900     -1.9400   -100.0000
  14    -14.7900     -8.1000     -2.0600   -100.0000
  15    -18.2300     -9.9800     -2.1100   -100.0000
  16    -21.7300    -11.9200     -2.0900   -100.0000
  17    -25.2900    -13.9300     -2.0100   -100.0000
  18      0.0000      0.0000      0.0000   -100.0000
  19     -4.3400     -2.7300     -1.6700   -100.0000
  20     -5.1300     -2.9900     -3.4400   -100.0000
  21     -5.8300     -3.4300     -4.8500   -100.0000
  22     -6.3400     -3.7500     -5.9300   -100.0000
  23     -6.7100     -3.9500     -6.7700   -100.0000
  24     -6.9700     -4.0600     -7.4300   -100.0000
  25     -7.1500     -4.1000     -7.9900   -100.0000
  26     -7.2700     -4.0800     -8.5300   -100.0000
  27     -7.3800     -4.0200     -9.1000   -100.0000
  28     -7.5100     -3.9300     -9.7900   -100.0000
  29     -7.6900     -3.8400    -10.6700   -100.0000
  30     -9.3600     -4.7700    -17.5700   -100.0000
  31   -100.0000   -100.0000   -100.0000   -100.0000
  32   -100.0000   -100.0000   -100.0000   -100.0000
  33    -18.1800     -9.1900     -2.1700   -100.0000
  34    -20.9500    -10.3700     -2.1000   -100.0000
  35    -23.9400    -12.4400     -2.0500   -100.0000
  36   -100.0000   -100.0000   -100.0000   -100.0000
  37     -4.4300     -2.6500   -100.0000   -100.0000
  38     -5.1900     -3.1600     -3.6600   -100.0000
  39     -5.8500     -3.5800     -4.7400   -100.0000
  40     -6.4000     -3.9200     -5.7900   -100.0000
  41     -6.8400     -4.1500     -6.8200   -100.0000
  42     -7.1800     -4.2900     -7.8200   -100.0000
  43     -7.4200     -4.3400     -8.8000   -100.0000
  44     -7.5500     -4.3000     -9.7700   -100.0000
  45     -7.5800     -4.1700    -10.7000   -100.0000
  46     -7.5000     -3.9400    -11.6200   -100.0000
  47     -7.3100     -3.6200    -12.5100   -100.0000
  48     -8.9400     -4.7500    -17.6800   -100.0000
  49   -100.0000   -100.0000   -100.0000   -100.0000
  50    -14.1700     -7.0120   -100.0000   -100.0000
  51   -100.0000   -100.0000   -100.0000   -100.0000
  52   -100.0000   -100.0000   -100.0000   -100.0000
  53    -20.8400    -11.2100     -2.3200   -100.0000
  54   -100.0000   -100.0000   -100.0000   -100.0000
  55   -100.0000   -100.0000   -100.0000   -100.0000
  56   -100.0000   -100.0000   -100.0000   -100.0000
  57     -5.9784     -4.1950     -6.4153    -11.5064
  58     -5.9300     -3.6900     -6.7400    -12.1700
  59     -5.8900     -3.7600     -6.7700    -12.7900
  60     -5.9300     -3.8200     -6.7700    -13.3500
  61     -5.9800     -3.8700     -6.7400    -13.8500
  62     -6.0400     -3.9100     -6.7300    -14.2700
  63     -6.1000     -3.9500     -6.6800    -14.6200
  64     -6.1700     -3.9900     -6.6100    -14.9000
  65     -6.2500     -4.0300     -6.5400    -15.1300
  66     -6.3400     -4.0500     -6.4200    -15.2700
  67     -6.4200     -4.0800     -6.3000    -15.3500
  68     -6.5200     -4.1000     -6.1600    -15.3600
  69     -6.6200     -4.1200     -6.1000    -15.3000
  70     -6.7300     -4.1300     -5.9600    -15.1800
  71     -6.7700     -3.7000     -5.3100    -18.6000
  72   -100.0000   -100.0000   -100.0000   -100.0000
  73   -100.0000   -100.0000   -100.0000   -100.0000
  74   -100.0000   -100.0000   -100.0000   -100.0000
  75   -100.0000   -100.0000   -100.0000   -100.0000
  76   -100.0000   -100.0000   -100.0000   -100.0000
  77   -100.0000   -100.0000   -100.0000   -100.0000
  78   -100.0000   -100.0000   -100.0000   -100.0000
  79   -100.0000   -100.0000   -100.0000   -100.0000
  80   -100.0000   -100.0000   -100.0000   -100.0000
  81   -100.0000   -100.0000   -100.0000   -100.0000
  82   -100.0000   -100.0000   -100.0000   -100.0000
  83   -100.0000   -100.0000   -100.0000   -100.0000
  84   -100.0000   -100.0000   -100.0000   -100.0000
  85   -100.0000   -100.0000   -100.0000   -100.0000
  86   -100.0000   -100.0000   -100.0000   -100.0000
  87   -100.0000   -100.0000   -100.0000   -100.0000
  88   -100.0000   -100.0000   -100.0000   -100.0000
  89     -5.8600     -3.9700     -5.1500     -2.8000
  90     -6.0000     -4.1100     -5.4200     -3.6500
  91     -6.1300     -4.2500     -5.4600     -4.4200
  92     -6.2600     -4.3900     -5.8000     -5.1200
  93     -6.3800     -4.5100     -5.9000     -5.7500
  94     -6.4800     -4.6200     -5.9500     -6.3000
  95     -6.5800     -4.7300     -5.9300     -6.7900
  96     -6.6700     -4.8300     -5.8500     -7.2000
  97     -6.7500     -4.9200     -5.7100     -7.5400
  98     -6.8200     -5.0000     -5.5100     -7.8100
  99     -6.8800     -5.0700     -5.2500     -8.0100
 100     -6.9400     -5.1300     -4.9300     -8.1300
 101     -6.9800     -5.1900     -4.5500     -8.1800
 102     -7.0200     -5.2300     -4.1200     -8.1700
 103     -7.0500     -5.2700     -3.6200     -4.6000
  IP_DNM2_S2
   103 5
   1    -13.0600     -3.2300   -100.0000   -100.0000
   2    -20.0000      0.0000   -100.0000   -100.0000
   3     -5.4100     -3.6100   -100.0000   -100.0000
   4     -9.3300     -5.8800   -100.0000   -100.0000
   5    -14.0000     -8.2400   -100.0000   -100.0000
   6    -19.4200    -10.7000   -100.0000   -100.0000
   7    -25.5800    -13.2500   -100.0000   -100.0000
   8    -32.4900    -15.8800   -100.0000   -100.0000
   9    -40.1400    -18.6100   -100.0000   -100.0000
  10      0.0000      0.0000   -100.0000   -100.0000
  11     -4.8600     -2.8600     -1.5100   -100.0000
  12     -8.1100     -4.5500     -1.7600   -100.0000
  13    -11.4200     -6.2900     -1.9400   -100.0000
  14    -14.7900     -8.1000     -2.0600   -100.0000
  15    -18.2300     -9.9800     -2.1100   -100.0000
  16    -21.7300    -11.9200     -2.0900   -100.0000
  17    -25.2900    -13.9300     -2.0100   -100.0000
  18      0.0000      0.0000      0.0000   -100.0000
  19     -4.3400     -2.7300     -1.6700   -100.0000
  20     -6.0300     -3.9600     -3.4400   -100.0000
  21     -6.7200     -4.2000     -8.1600   -100.0000
  22     -7.2800     -4.4800     -9.0700   -100.0000
  23     -7.7300     -4.7700     -9.8900   -100.0000
  24     -8.0700     -5.0400    -10.6600   -100.0000
  25     -8.3500     -5.2700    -11.4500   -100.0000
  26     -8.5700     -5.4200    -12.3100   -100.0000
  27     -8.7600     -5.4800    -13.3000   -100.0000
  28     -8.9400     -5.4100    -14.4600   -100.0000
  29     -9.1300     -5.1800    -15.8700   -100.0000
  30     -9.3600     -4.7700    -17.5700   -100.0000
  31   -100.0000   -100.0000   -100.0000   -100.0000
  32   -100.0000   -100.0000   -100.0000   -100.0000
  33    -18.1800     -9.1900     -2.1700   -100.0000
  34    -20.9500    -10.3700     -2.1000   -100.0000
  35    -23.9400    -12.4400     -2.0500   -100.0000
  36   -100.0000   -100.0000   -100.0000   -100.0000
  37     -4.4300     -2.6500   -100.0000   -100.0000
  38     -5.8400     -3.7600     -3.6600   -100.0000
  39     -6.5500     -4.1300     -6.6100   -100.0000
  40     -7.1600     -4.4300     -8.0800   -100.0000
  41     -7.6900     -4.6700     -9.5000   -100.0000
  42     -8.1300     -4.8700    -10.8500   -100.0000
  43     -8.4900     -5.0000    -12.1300   -100.0000
  44     -8.7500     -5.0700    -13.3800   -100.0000
  45     -8.9300     -5.0700    -14.5400   -100.0000
  46     -9.0200     -5.0200    -15.6500   -100.0000
  47     -9.0300     -4.9100    -16.7000   -100.0000
  48     -8.9400     -4.7500    -17.6800   -100.0000
  49   -100.0000   -100.0000   -100.0000   -100.0000
  50    -14.1700     -7.0120   -100.0000   -100.0000
  51   -100.0000   -100.0000   -100.0000   -100.0000
  52   -100.0000   -100.0000   -100.0000   -100.0000
  53    -20.8400    -11.2100     -2.3200   -100.0000
  54   -100.0000   -100.0000   -100.0000   -100.0000
  55   -100.0000   -100.0000   -100.0000   -100.0000
  56   -100.0000   -100.0000   -100.0000   -100.0000
  57     -5.9784     -4.1950     -6.4153    -11.5064
  58     -5.9300     -3.6900     -6.7400     -7.2400
  59     -5.8900     -3.7600     -6.7700     -7.2700
  60     -5.9300     -3.8200     -6.7700     -7.2900
  61     -5.9800     -3.8700     -6.7400     -7.3100
  62     -6.0400     -3.9100     -6.7300     -7.3500
  63     -6.1000     -3.9500     -6.6800     -7.3900
  64     -6.1700     -3.9900     -6.6100     -7.4400
  65     -6.2500     -4.0300     -6.5400     -7.4900
  66     -6.3400     -4.0500     -6.4200     -7.5500
  67     -6.4200     -4.0800     -6.3000     -7.6100
  68     -6.5200     -4.1000     -6.1600     -7.6900
  69     -6.6200     -4.1200     -6.1000     -7.7600
  70     -6.7300     -4.1300     -5.9600     -7.8400
  71     -6.7700     -3.7000     -5.3100    -18.6000
  72   -100.0000   -100.0000   -100.0000   -100.0000
  73   -100.0000   -100.0000   -100.0000   -100.0000
  74   -100.0000   -100.0000   -100.0000   -100.0000
  75   -100.0000   -100.0000   -100.0000   -100.0000
  76   -100.0000   -100.0000   -100.0000   -100.0000
  77   -100.0000   -100.0000   -100.0000   -100.0000
  78   -100.0000   -100.0000   -100.0000   -100.0000
  79   -100.0000   -100.0000   -100.0000   -100.0000
  80   -100.0000   -100.0000   -100.0000   -100.0000
  81   -100.0000   -100.0000   -100.0000   -100.0000
  82   -100.0000   -100.0000   -100.0000   -100.0000
  83   -100.0000   -100.0000   -100.0000   -100.0000
  84   -100.0000   -100.0000   -100.0000   -100.0000
  85   -100.0000   -100.0000   -100.0000   -100.0000
  86   -100.0000   -100.0000   -100.0000   -100.0000
  87   -100.0000   -100.0000   -100.0000   -100.0000
  88   -100.0000   -100.0000   -100.0000   -100.0000
  89     -6.7100     -3.9700   -100.0000   -709.0000
  90     -6.9500     -4.1100     -5.9300     -9.0100
  91     -7.1600     -4.2500     -6.4500    -10.6500
  92     -7.3600     -4.3900     -6.7700    -12.0000
  93     -7.5400     -4.5100     -6.8800    -13.0700
  94     -7.7000     -4.6200     -6.7800    -13.8600
  95     -7.8400     -4.7300     -6.4700    -14.3700
  96     -7.9700     -4.8300   -100.0000    -14.5900
  97     -8.0700     -4.9200   -100.0000    -14.5400
  98     -8.1600     -5.0000   -100.0000    -14.2000
  99     -8.2300     -5.0700   -100.0000    -14.0300
 100     -8.2800     -5.1300   -100.0000    -14.7300
 101     -8.3200     -5.1900   -100.0000    -15.4400
 102     -8.3300     -5.2300   -100.0000    -16.1500
 103     -8.3300     -5.2700   -100.0000    -16.8600
  IP_DN_S0
     103 5    
   1   -100.0000      0.0000   -100.0000   -100.0000
   2   -100.0000      0.0000   -100.0000   -100.0000
   3   -100.0000      0.0000   -100.0000   -100.0000
   4   -100.0000      0.0000   -100.0000   -100.0000
   5   -100.0000      0.0000   -100.0000   -100.0000
   6   -100.0000      0.0000   -100.0000   -100.0000
   7   -100.0000      0.0000   -100.0000   -100.0000
   8   -100.0000      0.0000   -100.0000   -100.0000
   9   -100.0000      0.0000   -100.0000   -100.0000
  10   -100.0000      0.0000   -100.0000   -100.0000
  11   -100.0000      0.0000   -100.0000   -100.0000
  12   -100.0000      0.0000   -100.0000   -100.0000
  13   -100.0000      0.0000   -100.0000   -100.0000
  14   -100.0000      0.0000   -100.0000   -100.0000
  15   -100.0000      0.0000   -100.0000   -100.0000
  16   -100.0000      0.0000   -100.0000   -100.0000
  17   -100.0000      0.0000   -100.0000   -100.0000
  18   -100.0000      0.0000   -100.0000   -100.0000
  19   -100.0000      0.0000   -100.0000   -100.0000
  20   -100.0000      0.0000   -100.0000   -100.0000
  21   -100.0000      0.0000   -100.0000   -100.0000
  22   -100.0000      0.0000   -100.0000   -100.0000
  23   -100.0000      0.0000   -100.0000   -100.0000
  24   -100.0000      0.0000   -100.0000   -100.0000
  25   -100.0000      0.0000   -100.0000   -100.0000
  26   -100.0000      0.0000   -100.0000   -100.0000
  27   -100.0000      0.0000   -100.0000   -100.0000
  28   -100.0000      0.0000   -100.0000   -100.0000
  29   -100.0000      0.0000   -100.0000   -100.0000
  30   -100.0000      0.0000   -100.0000   -100.0000
  31   -100.0000      0.0000   -100.0000   -100.0000
  32   -100.0000      0.0000   -100.0000   -100.0000
  33   -100.0000      0.0000   -100.0000   -100.0000
  34   -100.0000      0.0000   -100.0000   -100.0000
  35   -100.0000      0.0000   -100.0000   -100.0000
  36   -100.0000      0.0000   -100.0000   -100.0000
  37   -100.0000      0.0000     -1.7700   -100.0000
  38   -100.0000      0.0000     -2.4900   -100.0000
  39   -100.0000      0.0000     -3.2200   -100.0000
  40   -100.0000      0.0000     -3.9500   -100.0000
  41   -100.0000      0.0000     -4.7000   -100.0000
  42   -100.0000      0.0000     -5.4600   -100.0000
  43   -100.0000      0.0000     -6.2100   -100.0000
  44   -100.0000      0.0000     -6.9800   -100.0000
  45   -100.0000      0.0000     -7.7500   -100.0000
  46   -100.0000      0.0000     -8.5300   -100.0000
  47   -100.0000      0.0000   -100.0000   -100.0000
  48   -100.0000      0.0000     -1.0000   -100.0000
  49   -100.0000      0.0000   -100.0000   -100.0000
  50   -100.0000      0.0000   -100.0000   -100.0000
  51   -100.0000      0.0000   -100.0000   -100.0000
  52   -100.0000      0.0000   -100.0000   -100.0000
  53   -100.0000      0.0000   -100.0000   -100.0000
  54   -100.0000      0.0000   -100.0000   -100.0000
  55   -100.0000      0.0000   -100.0000   -100.0000
  56   -100.0000      0.0000   -100.0000   -100.0000
  57   -100.0000      0.0000   -100.0000   -100.0000
  58   -100.0000      0.0000   -100.0000   -100.0000
  59   -100.0000      0.0000   -100.0000   -100.0000
  60   -100.0000      0.0000   -100.0000   -100.0000
  61   -100.0000      0.0000   -100.0000   -100.0000
  62   -100.0000      0.0000   -100.0000   -100.0000
  63   -100.0000      0.0000   -100.0000   -100.0000
  64   -100.0000      0.0000   -100.0000   -100.0000
  65   -100.0000      0.0000   -100.0000   -100.0000
  66   -100.0000      0.0000   -100.0000   -100.0000
  67   -100.0000      0.0000   -100.0000   -100.0000
  68   -100.0000      0.0000   -100.0000   -100.0000
  69   -100.0000      0.0000   -100.0000   -100.0000
  70   -100.0000      0.0000   -100.0000   -100.0000
  71   -100.0000      0.0000   -100.0000   -100.0000
  72   -100.0000      0.0000   -100.0000   -100.0000
  73   -100.0000      0.0000   -100.0000   -100.0000
  74   -100.0000      0.0000   -100.0000   -100.0000
  75   -100.0000      0.0000   -100.0000   -100.0000
  76   -100.0000      0.0000   -100.0000   -100.0000
  77   -100.0000      0.0000   -100.0000   -100.0000
  78   -100.0000      0.0000   -100.0000   -100.0000
  79   -100.0000      0.0000   -100.0000   -100.0000
  80   -100.0000      0.0000   -100.0000   -100.0000
  81   -100.0000      0.0000   -100.0000   -100.0000
  82   -100.0000      0.0000   -100.0000   -100.0000
  83   -100.0000      0.0000   -100.0000   -100.0000
  84   -100.0000      0.0000   -100.0000   -100.0000
  85   -100.0000      0.0000   -100.0000   -100.0000
  86   -100.0000      0.0000   -100.0000   -100.0000
  87   -100.0000      0.0000   -100.0000   -100.0000
  88   -100.0000      0.0000   -100.0000   -100.0000
  89   -100.0000      0.0000   -100.0000   -100.0000
  90     -6.2600      0.0000     -5.6000     -4.8000
  91     -6.4200      0.0000     -5.1300     -8.5000
  92     -6.5000      0.0000     -5.2500    -11.3300
  93     -6.5100      0.0000     -5.3400    -13.2000
  94     -6.4500      0.0000     -5.1000    -14.1900
  95     -6.3100      0.0000     -5.4000   -100.0000
  96   -100.0000      0.0000     -5.0900  -1551.0000
  97   -100.0000      0.0000     -4.8400   -100.0000
  98   -100.0000      0.0000     -5.4800   -100.0000
  99   -100.0000      0.0000     -6.0800   -100.0000
 100   -100.0000      0.0000     -6.3500   -100.0000
 101   -100.0000      0.0000     -6.5800   -100.0000
 102   -100.0000      0.0000     -6.8900   -100.0000
 103   -100.0000      0.0000     -4.7800   -100.0000
  IPEA_DNM1_S1
     103 4     
   1     -7.1761      0.0000   -100.0000
   2    -20.0000      0.0000   -100.0000
   3     -3.1055     -1.2580   -100.0000
   4     -5.9456     -2.5630   -100.0000
   5     -9.5941     -4.0010   -100.0000
   6    -14.0510     -5.5720   -100.0000
   7    -19.3164     -7.2750   -100.0000
   8    -25.3902     -9.1110   -100.0000
   9    -32.2724    -11.0800   -100.0000
  10      0.0000      0.0000   -100.0000
  11     -2.8050     -1.5650     -0.4450
  12     -5.2220     -2.1000     -0.6500
  13     -8.2880     -2.9500     -0.8900
  14    -11.1570     -4.2700      0.6250
  15    -13.5510     -6.0800     -0.0250
  16    -16.3280     -7.3850     -0.4050
  17    -19.8410     -9.3800      1.9000
  18      0.0000      0.0000      0.0000
  19     -2.3850     -1.2650     -0.6350
  20     -3.4000     -1.9890     -0.7700
  21     -4.3450     -2.3990     -2.1500
  22     -4.4400     -1.9780     -2.7000
  23     -5.2400     -2.5420     -3.2450
  24     -5.2250     -2.9710     -3.5450
  25     -5.3350     -2.6120     -3.4100
  26     -5.7250     -3.6550     -3.7350
  27     -5.1200     -2.5500     -4.2100
  28     -3.8400     -1.3170     -3.9750
  29     -3.9850     -1.1650     -6.2400
  30     -6.2200     -1.6400    -13.8500
  31   -100.0000   -100.0000   -100.0000
  32   -100.0000   -100.0000   -100.0000
  33   -100.0000   -100.0000   -100.0000
  34   -100.0000   -100.0000   -100.0000
  35   -100.0000   -100.0000   -100.0000
  36   -100.0000   -100.0000   -100.0000
  37   -100.0000   -100.0000   -100.0000
  38   -100.0000   -100.0000   -100.0000
  39   -100.0000   -100.0000   -100.0000
  40   -100.0000   -100.0000   -100.0000
  41   -100.0000   -100.0000   -100.0000
  42     -3.9300     -0.7100     -4.5300
  43   -100.0000   -100.0000   -100.0000
  44   -100.0000   -100.0000   -100.0000
  45   -100.0000   -100.0000   -100.0000
  46   -100.0000   -100.0000   -100.0000
  47   -100.0000   -100.0000   -100.0000
  48   -100.0000   -100.0000   -100.0000
  49   -100.0000   -100.0000   -100.0000
  50   -100.0000   -100.0000   -100.0000
  51   -100.0000   -100.0000   -100.0000
  52   -100.0000   -100.0000   -100.0000
  53   -100.0000   -100.0000   -100.0000
  54   -100.0000   -100.0000   -100.0000
  55   -100.0000   -100.0000   -100.0000
  56   -100.0000   -100.0000   -100.0000
  57   -100.0000   -100.0000   -100.0000
  58   -100.0000   -100.0000   -100.0000
  59   -100.0000   -100.0000   -100.0000
  60   -100.0000   -100.0000   -100.0000
  61   -100.0000   -100.0000   -100.0000
  62   -100.0000   -100.0000   -100.0000
  63   -100.0000   -100.0000   -100.0000
  64   -100.0000   -100.0000   -100.0000
  65   -100.0000   -100.0000   -100.0000
  66   -100.0000   -100.0000   -100.0000
  67   -100.0000   -100.0000   -100.0000
  68   -100.0000   -100.0000   -100.0000
  69   -100.0000   -100.0000   -100.0000
  70   -100.0000   -100.0000   -100.0000
  71   -100.0000   -100.0000   -100.0000
  72   -100.0000   -100.0000   -100.0000
  73   -100.0000   -100.0000   -100.0000
  74   -100.0000   -100.0000   -100.0000
  75   -100.0000   -100.0000   -100.0000
  76   -100.0000   -100.0000   -100.0000
  77   -100.0000   -100.0000   -100.0000
  78   -100.0000   -100.0000   -100.0000
  79   -100.0000   -100.0000   -100.0000
  80   -100.0000   -100.0000   -100.0000
  81   -100.0000   -100.0000   -100.0000
  82   -100.0000   -100.0000   -100.0000
  83   -100.0000   -100.0000   -100.0000
  84   -100.0000   -100.0000   -100.0000
  85   -100.0000   -100.0000   -100.0000
  86   -100.0000   -100.0000   -100.0000
  87   -100.0000   -100.0000   -100.0000
  88   -100.0000   -100.0000   -100.0000
  89   -100.0000   -100.0000   -100.0000
  90   -100.0000   -100.0000   -100.0000
  91   -100.0000   -100.0000   -100.0000
  92   -100.0000   -100.0000   -100.0000
  93   -100.0000   -100.0000   -100.0000
  94   -100.0000   -100.0000   -100.0000
  95   -100.0000   -100.0000   -100.0000
  96   -100.0000   -100.0000   -100.0000
  97   -100.0000   -100.0000   -100.0000
  98   -100.0000   -100.0000   -100.0000
  99   -100.0000   -100.0000   -100.0000
 100   -100.0000   -100.0000   -100.0000
 101   -100.0000   -100.0000   -100.0000
 102   -100.0000   -100.0000   -100.0000
 103   -100.0000   -100.0000   -100.0000
  IPEA_DNM2_S2
     103 4    
   1     -7.1761      0.0000   -100.0000
   2    -20.0000      0.0000   -100.0000
   3     -3.1055     -1.2580   -100.0000
   4     -5.9456     -2.5630   -100.0000
   5     -9.5941     -4.0010   -100.0000
   6    -14.0510     -5.5720   -100.0000
   7    -19.3164     -7.2750   -100.0000
   8    -25.3902     -9.1110   -100.0000
   9    -32.2724    -11.0800   -100.0000
  10      0.0000      0.0000   -100.0000
  11     -2.8050     -1.5650     -0.4450
  12     -5.2220     -2.1000     -0.6500
  13     -8.2880     -2.9500     -0.8900
  14    -11.1570     -4.2700      0.6250
  15    -13.5510     -6.0800     -0.0250
  16    -16.3280     -7.3850     -0.4050
  17    -19.8410     -9.3800      1.9000
  18      0.0000      0.0000      0.0000
  19     -2.3850     -1.2650     -0.6350
  20     -3.4000     -1.9890     -0.7700
  21     -3.6570     -0.5580     -3.7930
  22     -3.7700     -0.6900     -4.1400
  23     -3.8220     -0.7770     -4.4750
  24     -3.9090     -0.8760     -4.8220
  25     -3.9830     -0.9750     -5.1570
  26     -4.1200     -1.0620     -5.5040
  27     -4.1700     -1.1600     -5.8390
  28     -4.3060     -1.2600     -6.1820
  29     -4.5670     -1.3470     -6.5200
  30     -6.2200     -1.6400    -13.8500
  31   -100.0000   -100.0000   -100.0000
  32   -100.0000   -100.0000   -100.0000
  33   -100.0000   -100.0000   -100.0000
  34   -100.0000   -100.0000   -100.0000
  35   -100.0000   -100.0000   -100.0000
  36   -100.0000   -100.0000   -100.0000
  37   -100.0000   -100.0000   -100.0000
  38   -100.0000   -100.0000   -100.0000
  39   -100.0000   -100.0000   -100.0000
  40   -100.0000   -100.0000   -100.0000
  41   -100.0000   -100.0000   -100.0000
  42     -3.9300     -0.7100     -4.5300
  43   -100.0000   -100.0000   -100.0000
  44   -100.0000   -100.0000   -100.0000
  45   -100.0000   -100.0000   -100.0000
  46   -100.0000   -100.0000   -100.0000
  47   -100.0000   -100.0000   -100.0000
  48   -100.0000   -100.0000   -100.0000
  49   -100.0000   -100.0000   -100.0000
  50   -100.0000   -100.0000   -100.0000
  51   -100.0000   -100.0000   -100.0000
  52   -100.0000   -100.0000   -100.0000
  53   -100.0000   -100.0000   -100.0000
  54   -100.0000   -100.0000   -100.0000
  55   -100.0000   -100.0000   -100.0000
  56   -100.0000   -100.0000   -100.0000
  57   -100.0000   -100.0000   -100.0000
  58   -100.0000   -100.0000   -100.0000
  59   -100.0000   -100.0000   -100.0000
  60   -100.0000   -100.0000   -100.0000
  61   -100.0000   -100.0000   -100.0000
  62   -100.0000   -100.0000   -100.0000
  63   -100.0000   -100.0000   -100.0000
  64   -100.0000   -100.0000   -100.0000
  65   -100.0000   -100.0000   -100.0000
  66   -100.0000   -100.0000   -100.0000
  67   -100.0000   -100.0000   -100.0000
  68   -100.0000   -100.0000   -100.0000
  69   -100.0000   -100.0000   -100.0000
  70   -100.0000   -100.0000   -100.0000
  71   -100.0000   -100.0000   -100.0000
  72   -100.0000   -100.0000   -100.0000
  73   -100.0000   -100.0000   -100.0000
  74   -100.0000   -100.0000   -100.0000
  75   -100.0000   -100.0000   -100.0000
  76   -100.0000   -100.0000   -100.0000
  77   -100.0000   -100.0000   -100.0000
  78   -100.0000   -100.0000   -100.0000
  79   -100.0000   -100.0000   -100.0000
  80   -100.0000   -100.0000   -100.0000
  81   -100.0000   -100.0000   -100.0000
  82   -100.0000   -100.0000   -100.0000
  83   -100.0000   -100.0000   -100.0000
  84   -100.0000   -100.0000   -100.0000
  85   -100.0000   -100.0000   -100.0000
  86   -100.0000   -100.0000   -100.0000
  87   -100.0000   -100.0000   -100.0000
  88   -100.0000   -100.0000   -100.0000
  89   -100.0000   -100.0000   -100.0000
  90   -100.0000   -100.0000   -100.0000
  91   -100.0000   -100.0000   -100.0000
  92   -100.0000   -100.0000   -100.0000
  93   -100.0000   -100.0000   -100.0000
  94   -100.0000   -100.0000   -100.0000
  95   -100.0000   -100.0000   -100.0000
  96   -100.0000   -100.0000   -100.0000
  97   -100.0000   -100.0000   -100.0000
  98   -100.0000   -100.0000   -100.0000
  99   -100.0000   -100.0000   -100.0000
 100   -100.0000   -100.0000   -100.0000
 101   -100.0000   -100.0000   -100.0000
 102   -100.0000   -100.0000   -100.0000
 103   -100.0000   -100.0000   -100.0000
  IP_COEF
  103 6    
   1      0.0000      1.0000      0.0000      0.0000      0.0000
   2      0.0000      1.0000      0.0000      0.0000      0.0000
   3      0.0000      1.0000      0.0000      0.0000      0.0000
   4      0.0000      1.0000      0.0000      0.0000      0.0000
   5      0.0000      1.0000      0.0000      0.0000      0.0000
   6      0.0000      1.0000      0.0000      0.0000      0.0000
   7      0.0000      1.0000      0.0000      0.0000      0.0000
   8      0.0000      1.0000      0.0000      0.0000      0.0000
   9      0.0000      1.0000      0.0000      0.0000      0.0000
  10      0.0000      1.0000      0.0000      0.0000      0.0000
  11      0.0000      1.0000      0.0000      0.0000      0.0000
  12      0.0000      1.0000      0.0000      0.0000      0.0000
  13      0.0000      1.0000      0.0000      0.0000      0.0000
  14      0.0000      1.0000      0.0000      0.0000      0.0000
  15      0.0000      1.0000      0.0000      0.0000      0.0000
  16      0.0000      1.0000      0.0000      0.0000      0.0000
  17      0.0000      1.0000      0.0000      0.0000      0.0000
  18      0.0000      1.0000      0.0000      0.0000      0.0000
  19      0.0000      1.0000      0.0000      0.0000      0.0000
  20      0.0392      0.9608      0.0000      0.0000      0.0000
  21      0.0601      0.9399      0.0000      0.0000      0.0000
  22      0.0931      0.9069      0.0000      0.0000      0.0000
  23      0.1605      0.8395      0.0000      0.0000      0.0000
  24      0.2948      0.7052      0.0000      0.0000      0.0000
  25      0.3348      0.6652      0.0000      0.0000      0.0000
  26      0.6857      0.3143      0.0000      0.0000      0.0000
  27      0.7935      0.2065      0.0000      0.0000      0.0000
  28      0.8579      0.1421      0.0000      0.0000      0.0000
  29      0.9044      0.0956      0.0000      0.0000      0.0000
  30      0.0000      1.0000      0.0000      0.0000      0.0000
  31      0.0000      1.0000      0.0000      0.0000      0.0000
  32      0.0000      1.0000      0.0000      0.0000      0.0000
  33      0.0000      1.0000      0.0000      0.0000      0.0000
  34      0.0000      1.0000      0.0000      0.0000      0.0000
  35      0.0000      1.0000      0.0000      0.0000      0.0000
  36      0.0000      1.0000      0.0000      0.0000      0.0000
  37      1.0000      0.0000      0.0000      0.0000      0.0000
  38      0.0550      0.9390      0.0070      0.0000      0.0000
  39      0.0730      0.9200      0.0070      0.0000      0.0000
  40      0.1080      0.8840      0.0080      0.0000      0.0000
  41      0.1870      0.8060      0.0070      0.0000      0.0000
  42      0.3820      0.6160      0.0020      0.0000      0.0000
  43      0.7360      0.2420      0.0220      0.0000      0.0000
  44      0.7170      0.0160      0.2660      0.0000      0.0000
  45      0.3190      0.0030      0.6780      0.0000      0.0000
  46      0.1210      0.0070      0.8720      0.0000      0.0000
  47      1.0000      0.0000      0.0000      0.0000      0.0000
  48      0.0000      1.0000      0.0000      0.0000      0.0000
  49      0.0000      1.0000      0.0000      0.0000      0.0000
  50      0.0000      1.0000      0.0000      0.0000      0.0000
  51      0.0000      1.0000      0.0000      0.0000      0.0000
  52      0.0000      1.0000      0.0000      0.0000      0.0000
  53      0.0000      1.0000      0.0000      0.0000      0.0000
  54      0.0000      1.0000      0.0000      0.0000      0.0000
  55      0.0000      1.0000      0.0000      0.0000      0.0000
  56      0.0000      1.0000      0.0000      0.0000      0.0000
  57      0.0000      1.0000      0.0000      0.0000      0.0000
  58      0.7558      0.2442      0.0000      0.0000      0.0000
  59      0.2764      0.7236      0.0000      0.0000      0.0000
  60      0.1772      0.8228      0.0000      0.0000      0.0000
  61      0.1465      0.8535      0.0000      0.0000      0.0000
  62      0.0557      0.9423      0.0000      0.0000      0.0000
  63      0.0236      0.9764      0.0000      0.0000      0.0000
  64      0.9037      0.0963      0.0000      0.0000      0.0000
  65      0.4821      0.5179      0.0000      0.0000      0.0000
  66      0.1564      0.8436      0.0000      0.0000      0.0000
  67      0.1533      0.8467      0.0000      0.0000      0.0000
  68      0.1661      0.8339      0.0000      0.0000      0.0000
  69      0.0731      0.9269      0.0000      0.0000      0.0000
  70      0.0273      0.9727      0.0000      0.0000      0.0000
  71      0.0000      1.0000      0.0000      0.0000      0.0000
  72      0.0000      1.0000      0.0000      0.0000      0.0000
  73      0.0000      1.0000      0.0000      0.0000      0.0000
  74      0.0000      1.0000      0.0000      0.0000      0.0000
  75      0.0000      1.0000      0.0000      0.0000      0.0000
  76      0.0000      1.0000      0.0000      0.0000      0.0000
  77      0.0000      1.0000      0.0000      0.0000      0.0000
  78      0.0000      1.0000      0.0000      0.0000      0.0000
  79      0.0000      1.0000      0.0000      0.0000      0.0000
  80      0.0000      1.0000      0.0000      0.0000      0.0000
  81      0.0000      1.0000      0.0000      0.0000      0.0000
  82      0.0000      1.0000      0.0000      0.0000      0.0000
  83      0.0000      1.0000      0.0000      0.0000      0.0000
  84      0.0000      1.0000      0.0000      0.0000      0.0000
  85      0.0000      1.0000      0.0000      0.0000      0.0000
  86      0.0000      1.0000      0.0000      0.0000      0.0000
  87      0.0000      1.0000      0.0000      0.0000      0.0000
  88      0.0000      1.0000      0.0000      0.0000      0.0000
  89      0.7653      0.2321      0.0000      0.0000      0.0026
  90      0.0239      0.0092      0.8951      0.0702      0.0016
  91      0.1769      0.0087      0.7948      0.0184      0.0012
  92      0.8801      0.0361      0.0648      0.0108      0.0082
  93      0.8754      0.0511      0.0115      0.0000      0.0620
  94      0.4919      0.0000      0.5081      0.0000      0.0000
  95      0.8689      0.1122      0.0000      0.0000      0.0189
  96      0.8663      0.0800      0.0127      0.0000      0.0410
  97      0.8213      0.1519      0.0000      0.0000      0.0197
  98      0.1142      0.0412      0.0000      0.0000      0.8446
  99      0.0314      0.0247      0.0000      0.0000      0.9220
 100      0.0249      0.0254      0.0000      0.0000      0.9497
 101      0.0101      0.0119      0.0000      0.0000      0.9466
 102      0.0112      0.0144      0.0000      0.0000      0.9744
 103      0.4490      0.5510      0.0000      0.0000      0.0000
 G_F_INTEG
   103  9
  1  0.000000  0.000000     0.000000  0.000000  0.000000  0.000000  0.000000  0.000000
  2  0.000000  0.000000	 0.000000  0.000000  0.000000  0.000000  0.000000  0.000000
  3  0.092011  0.049865	 0.000000  0.000000  0.000000  0.000000  0.000000  0.000000
  4  0.140681  0.097619	 0.000000  0.000000  0.000000  0.000000  0.000000  0.000000
  5  0.198501  0.127919	 0.000000  0.000000  0.000000  0.000000  0.000000  0.000000
  6  0.253492  0.165737	 0.000000  0.000000  0.000000  0.000000  0.000000  0.000000
  7  0.329218  0.237385	 0.000000  0.000000  0.000000  0.000000  0.000000  0.000000
  8  0.434210  0.253674	 0.000000  0.000000  0.000000  0.000000  0.000000  0.000000
  9  0.532294  0.315795	 0.000000  0.000000  0.000000  0.000000  0.000000  0.000000
 10  0.000000  0.000000	 0.000000  0.000000  0.000000  0.000000  0.000000  0.000000
 11  0.061283  0.027338	 0.013860  0.042028  0.050120  0.025087  0.034068  0.022217
 12  0.091008  0.120287	 0.017701  0.013988  0.020121  0.008352  0.034068  0.022217
 13  0.123445  0.058891	 0.006497  0.008639  0.015769  0.005149  0.034068  0.022217
 14  0.176850  0.083153	 0.066049  0.011418  0.089646  0.053892  0.088566  0.057761
 15  0.038506  0.108327	 0.086939  0.115430  0.105598  0.068910  0.109010  0.071092
 16  0.113029  0.166762	 0.118337  0.157130  0.132922  0.093801  0.129450  0.084424
 17  0.323500  0.236929	 0.078055  0.010361  0.023246  0.006188  0.058594  0.038214
 18  0.000000  0.000000	 0.078055  0.010361  0.023246  0.006188  0.058594  0.038214
 19  0.040825  0.018225	 0.000000  0.000000  0.000000  0.000000  0.000000  0.000000
 20  0.057410  0.010593	 0.016995  0.026837  0.020412 -0.001084  0.086115  0.043285
 21  0.055132  0.022782	 0.026746  0.025743  0.050120  0.010070  0.134412  0.066522
 22  0.059688  0.025060	 0.028249  0.033352  0.062422  0.046930  0.204579  0.135323
 23  0.068801  0.027338	 0.028432  0.023602  0.051031  0.007791  0.231462  0.161294
 24  0.065611  0.029616	 0.023784  0.025424  0.051942  0.001353  0.289327  0.167673
 25  0.086115  0.031894	 0.027839  0.005650  0.036496  0.022645  0.300718  0.172685
 26  0.074268  0.034173	 0.030254  0.011163  0.022873  0.016038  0.277936  0.174963
 27  0.103429  0.036451	 0.028887  0.014444  0.028659  0.010297  0.293884  0.219160
 28  0.088393  0.038729	 0.030527  0.013715  0.027566  0.014808  0.363596  0.242853
 29  0.094316  0.041007	 0.020321  0.025607  0.048753  0.031575  0.391754  0.264108
 30  0.092949  0.043285	 0.040506  0.018544  0.064563  0.032897  0.415082  0.282265
 31  0.000000  0.000000	 0.000000  0.000000  0.000000  0.000000  0.000000  0.000000
 32  0.000000  0.000000	 0.000000  0.000000  0.000000  0.000000  0.000000  0.000000
 33  0.000000  0.000000	 0.000000  0.000000  0.000000  0.000000  0.000000  0.000000
 34  0.000000  0.000000	 0.000000  0.000000  0.000000  0.000000  0.000000  0.000000
 35  0.000000  0.000000	 0.000000  0.000000  0.000000  0.000000  0.000000  0.000000
 36  0.000000  0.000000	 0.000000  0.000000  0.000000  0.000000  0.000000  0.000000
 37  0.000000  0.000000	 0.000000  0.000000  0.000000  0.000000  0.000000  0.000000
 38  0.000000  0.000000	 0.000000  0.000000  0.000000  0.000000  0.000000  0.000000
 39  0.000000  0.000000	 0.000000  0.000000  0.000000  0.000000  0.000000  0.000000
 40  0.000000  0.000000	 0.000000  0.000000  0.000000  0.000000  0.000000  0.000000
 41  0.000000  0.000000	 0.000000  0.000000  0.000000  0.000000  0.000000  0.000000
 42  0.000000  0.000000	 0.000000  0.000000  0.000000  0.000000  0.000000  0.000000
 43  0.000000  0.000000	 0.000000  0.000000  0.000000  0.000000  0.000000  0.000000
 44  0.091127  0.041162	 0.036382  0.012129  0.052922  0.006616  0.226755  0.170156
 45  0.000000  0.000000	 0.000000  0.000000  0.000000  0.000000  0.000000  0.000000
 46  0.000000  0.000000	 0.000000  0.000000  0.000000  0.000000  0.000000  0.000000
 47  0.000000  0.000000	 0.000000  0.000000  0.000000  0.000000  0.000000  0.000000
 48  0.000000  0.000000	 0.000000  0.000000  0.000000  0.000000  0.000000  0.000000
 49  0.000000  0.000000	 0.000000  0.000000  0.000000  0.000000  0.000000  0.000000
 50  0.000000  0.000000	 0.000000  0.000000  0.000000  0.000000  0.000000  0.000000
 51  0.000000  0.000000	 0.000000  0.000000  0.000000  0.000000  0.000000  0.000000
 52  0.000000  0.000000	 0.000000  0.000000  0.000000  0.000000  0.000000  0.000000
 53  0.000000  0.000000	 0.000000  0.000000  0.000000  0.000000  0.000000  0.000000
 54  0.000000  0.000000	 0.000000  0.000000  0.000000  0.000000  0.000000  0.000000
 55  0.000000  0.000000	 0.000000  0.000000  0.000000  0.000000  0.000000  0.000000
 56  0.000000  0.000000	 0.000000  0.000000  0.000000  0.000000  0.000000  0.000000
 57  0.000000  0.000000	 0.000000  0.000000  0.000000  0.000000  0.000000  0.000000
 58  0.000000  0.000000	 0.000000  0.000000  0.000000  0.000000  0.000000  0.000000
 59  0.000000  0.000000	 0.000000  0.000000  0.000000  0.000000  0.000000  0.000000
 60  0.000000  0.000000	 0.000000  0.000000  0.000000  0.000000  0.000000  0.000000
 61  0.000000  0.000000	 0.000000  0.000000  0.000000  0.000000  0.000000  0.000000
 62  0.000000  0.000000	 0.000000  0.000000  0.000000  0.000000  0.000000  0.000000
 63  0.000000  0.000000	 0.000000  0.000000  0.000000  0.000000  0.000000  0.000000
 64  0.000000  0.000000	 0.000000  0.000000  0.000000  0.000000  0.000000  0.000000
 65  0.000000  0.000000	 0.000000  0.000000  0.000000  0.000000  0.000000  0.000000
 66  0.000000  0.000000	 0.000000  0.000000  0.000000  0.000000  0.000000  0.000000
 67  0.000000  0.000000	 0.000000  0.000000  0.000000  0.000000  0.000000  0.000000
 68  0.000000  0.000000	 0.000000  0.000000  0.000000  0.000000  0.000000  0.000000
 69  0.000000  0.000000	 0.000000  0.000000  0.000000  0.000000  0.000000  0.000000
 70  0.000000  0.000000	 0.000000  0.000000  0.000000  0.000000  0.000000  0.000000
 71  0.000000  0.000000	 0.000000  0.000000  0.000000  0.000000  0.000000  0.000000
 72  0.000000  0.000000	 0.000000  0.000000  0.000000  0.000000  0.000000  0.000000
 73  0.000000  0.000000	 0.000000  0.000000  0.000000  0.000000  0.000000  0.000000
 74  0.000000  0.000000	 0.000000  0.000000  0.000000  0.000000  0.000000  0.000000
 75  0.000000  0.000000	 0.000000  0.000000  0.000000  0.000000  0.000000  0.000000
 76  0.000000  0.000000	 0.000000  0.000000  0.000000  0.000000  0.000000  0.000000
 77  0.000000  0.000000	 0.000000  0.000000  0.000000  0.000000  0.000000  0.000000
 78  0.000000  0.000000	 0.000000  0.000000  0.000000  0.000000  0.000000  0.000000
 79  0.000000  0.000000	 0.000000  0.000000  0.000000  0.000000  0.000000  0.000000
 80  0.000000  0.000000	 0.000000  0.000000  0.000000  0.000000  0.000000  0.000000
 81  0.000000  0.000000	 0.000000  0.000000  0.000000  0.000000  0.000000  0.000000
 82  0.000000  0.000000	 0.000000  0.000000  0.000000  0.000000  0.000000  0.000000
 83  0.000000  0.000000	 0.000000  0.000000  0.000000  0.000000  0.000000  0.000000
 84  0.000000  0.000000	 0.000000  0.000000  0.000000  0.000000  0.000000  0.000000
 85  0.000000  0.000000	 0.000000  0.000000  0.000000  0.000000  0.000000  0.000000
 86  0.000000  0.000000	 0.000000  0.000000  0.000000  0.000000  0.000000  0.000000
 87  0.000000  0.000000	 0.000000  0.000000  0.000000  0.000000  0.000000  0.000000
 88  0.000000  0.000000	 0.000000  0.000000  0.000000  0.000000  0.000000  0.000000
 89  0.000000  0.000000	 0.000000  0.000000  0.000000  0.000000  0.000000  0.000000
 90  0.000000  0.000000	 0.000000  0.000000  0.000000  0.000000  0.000000  0.000000
 91  0.000000  0.000000	 0.000000  0.000000  0.000000  0.000000  0.000000  0.000000
 92  0.000000  0.000000	 0.000000  0.000000  0.000000  0.000000  0.000000  0.000000
 93  0.000000  0.000000	 0.000000  0.000000  0.000000  0.000000  0.000000  0.000000
 94  0.000000  0.000000	 0.000000  0.000000  0.000000  0.000000  0.000000  0.000000
 95  0.000000  0.000000	 0.000000  0.000000  0.000000  0.000000  0.000000  0.000000
 96  0.000000  0.000000	 0.000000  0.000000  0.000000  0.000000  0.000000  0.000000
 97  0.000000  0.000000	 0.000000  0.000000  0.000000  0.000000  0.000000  0.000000
 98  0.000000  0.000000	 0.000000  0.000000  0.000000  0.000000  0.000000  0.000000
 99  0.000000  0.000000	 0.000000  0.000000  0.000000  0.000000  0.000000  0.000000
100  0.000000  0.000000	 0.000000  0.000000  0.000000  0.000000  0.000000  0.000000
101  0.000000  0.000000	 0.000000  0.000000  0.000000  0.000000  0.000000  0.000000
102  0.000000  0.000000	 0.000000  0.000000  0.000000  0.000000  0.000000  0.000000
103  0.000000  0.000000	 0.000000  0.000000  0.000000  0.000000  0.000000  0.000000
  BETA_ZINDO_1
  103 5 
  1  -11.800000   -1.000000   -1.000000 -600.000000
  2  -16.000000  -16.000000   -1.000000 -600.000000
  3   -5.000000   -5.000000   -1.000000 -600.000000
  4  -13.000000  -13.000000   -1.000000 -600.000000
  5  -17.000000  -17.000000   -1.000000 -600.000000
  6  -21.000000  -21.000000   -1.000000 -600.000000
  7  -25.000000  -25.000000   -1.000000 -600.000000
  8  -35.000000  -35.000000   -1.000000 -600.000000
  9  -36.000000  -36.000000   -1.000000 -600.000000
 10 -600.000000 -600.000000   -1.000000 -600.000000
 11   -5.000000   -5.000000   -1.000000 -600.000000
 12   -6.000000   -6.000000   -1.000000 -600.000000
 13   -7.000000   -7.000000   -1.000000 -600.000000
 14   -9.000000   -9.000000   -1.000000 -600.000000
 15  -10.000000  -10.000000   -1.000000 -600.000000
 16  -11.500000  -11.500000   -1.000000 -600.000000
 17  -11.000000  -11.000000   -1.000000 -600.000000
 18 -600.000000 -600.000000 -600.000000 -600.000000
 19   -1.000000   -1.000000   -7.400000 -600.000000
 20    2.000000    2.000000  -11.400000 -600.000000
 21   -1.000000   -1.000000  -15.000000 -600.000000
 22   -1.000000   -1.000000  -18.000000 -600.000000
 23   -1.000000   -1.000000  -21.000000 -600.000000
 24   -1.000000   -1.000000  -23.000000 -600.000000
 25   -1.000000   -1.000000  -25.000000 -600.000000
 26   -1.000000   -1.000000  -27.000000 -600.000000
 27   -1.000000   -1.000000  -28.000000 -600.000000
 28   -1.000000   -1.000000  -29.000000 -600.000000
 29   -1.000000   -1.000000  -30.000000 -600.000000
 30  -10.000000  -10.000000 -600.000000 -600.000000
 31 -600.000000 -600.000000 -600.000000 -600.000000
 32 -600.000000 -600.000000 -600.000000 -600.000000
 33  -10.000000  -10.000000  -35.000000 -600.000000
 34  -11.670000  -11.670000 -600.000000 -600.000000
 35   -8.000000   -8.000000 -600.000000 -600.000000
 36 -600.000000 -600.000000 -600.000000 -600.000000
 37 -600.000000 -600.000000 -600.000000 -600.000000
 38 -600.000000 -600.000000 -600.000000 -600.000000
 39   -1.000000   -1.000000  -14.140000 -600.000000
 40   -1.000000   -1.000000  -17.030000 -600.000000
 41   -1.000000   -1.000000  -19.810000 -600.000000
 42   -1.000000   -1.000000  -21.830000 -600.000000
 43   -1.000000   -1.000000  -23.550000 -600.000000
 44   -1.000000   -1.000000  -26.290000 -600.000000
 45   -1.000000   -1.000000  -27.170000 -600.000000
 46   -1.000000   -1.000000  -27.590000 -600.000000
 47   -1.000000   -1.000000  -27.940000 -600.000000
 48   -1.500000   -1.500000  -27.940000 -600.000000
 49 -600.000000 -600.000000 -600.000000 -600.000000
 50 -600.000000 -600.000000 -600.000000 -600.000000
 51 -600.000000 -600.000000 -600.000000 -600.000000
 52 -600.000000 -600.000000 -600.000000 -600.000000
 53   -8.000000   -8.000000   -1.000000 -600.000000
 54 -600.000000 -600.000000 -600.000000 -600.000000
 55 -600.000000 -600.000000 -600.000000 -600.000000
 56 -600.000000 -600.000000 -600.000000 -600.000000
 57 -600.000000 -600.000000 -600.000000 -600.000000
 58  -13.000000  -13.000000  -20.500000  -22.000000
 59  -12.190000  -12.190000  -20.350000  -22.000000
 60  -11.380000  -11.380000  -20.190000  -22.000000
 61  -10.580000  -10.580000  -20.040000  -22.000000
 62   -9.770000   -9.770000  -19.880000  -22.000000
 63   -8.960000   -8.960000  -19.730000  -22.000000
 64   -8.150000   -8.150000  -19.580000  -22.000000
 65   -7.350000   -7.350000  -19.420000  -22.000000
 66   -6.540000   -6.540000  -19.270000  -22.000000
 67   -5.730000   -5.730000  -19.120000  -22.000000
 68   -4.920000   -4.920000  -18.960000  -22.000000
 69   -4.120000   -4.120000  -18.810000  -22.000000
 70   -3.310000   -3.310000  -18.650000  -22.000000
 71   -2.500000   -2.500000  -18.500000  -22.000000
 72 -600.000000 -600.000000 -600.000000 -600.000000
 73 -600.000000 -600.000000 -600.000000 -600.000000
 74 -600.000000 -600.000000 -600.000000 -600.000000
 75 -600.000000 -600.000000 -600.000000 -600.000000
 76 -600.000000 -600.000000 -600.000000 -600.000000
 77 -600.000000 -600.000000 -600.000000 -600.000000
 78 -600.000000 -600.000000 -600.000000 -600.000000
 79 -600.000000 -600.000000 -600.000000 -600.000000
 80 -600.000000 -600.000000 -600.000000 -600.000000
 81 -600.000000 -600.000000 -600.000000 -600.000000
 82 -600.000000 -600.000000 -600.000000 -600.000000
 83 -600.000000 -600.000000 -600.000000 -600.000000
 84 -600.000000 -600.000000 -600.000000 -600.000000
 85 -600.000000 -600.000000 -600.000000 -600.000000
 86 -600.000000 -600.000000 -600.000000 -600.000000
 87 -600.000000 -600.000000 -600.000000 -600.000000
 88 -600.000000 -600.000000 -600.000000 -600.000000
 89   -1.000000   -1.000000  -21.000000  -22.000000
 90   -1.000000   -1.000000  -20.500000  -22.000000
 91   -1.000000   -1.000000  -20.350000  -22.000000
 92   -1.000000   -1.000000  -20.190000  -22.000000
 93   -1.000000   -1.000000  -20.040000  -22.000000
 94   -1.000000   -1.000000  -19.880000  -22.000000
 95   -1.000000   -1.000000  -19.730000  -22.000000
 96   -1.000000   -1.000000  -19.580000  -22.000000
 97   -1.000000   -1.000000  -19.420000  -22.000000
 98   -1.000000   -1.000000  -19.270000  -22.000000
 99   -1.000000   -1.000000  -19.120000  -22.000000
100   -1.000000   -1.000000  -18.960000  -22.000000
101   -1.000000   -1.000000  -18.810000  -22.000000
102   -1.000000   -1.000000  -18.650000  -22.000000
103   -1.000000   -1.000000  -18.500000  -22.000000
  BETA_ZINDO_S
 103 5
  1  -12.000000   -1.000000   -1.000000 -600.000000
  2  -16.000000  -16.000000   -1.000000 -600.000000
  3   -1.000000   -1.000000   -1.000000 -600.000000
  4  -13.000000  -13.000000   -1.000000 -600.000000
  5   -8.000000   -8.000000   -1.000000 -600.000000
  6  -17.000000  -17.000000   -1.000000 -600.000000
  7  -26.000000  -26.000000   -1.000000 -600.000000
  8  -34.000000  -34.000000   -1.000000 -600.000000
  9  -44.000000  -44.000000   -1.000000 -600.000000
 10 -600.000000 -600.000000   -1.000000 -600.000000
 11   -5.000000   -5.000000   -1.000000 -600.000000
 12   -6.000000   -6.000000   -1.000000 -600.000000
 13   -7.000000   -7.000000   -1.000000 -600.000000
 14   -9.000000   -9.000000   -1.000000 -600.000000
 15  -15.000000  -15.000000   -1.000000 -600.000000
 16  -15.000000  -15.000000   -3.000000 -600.000000
 17  -11.000000  -11.000000   -1.000000 -600.000000
 18 -600.000000 -600.000000 -600.000000 -600.000000
 19   -1.000000   -1.000000   -7.400000 -600.000000
 20    2.000000    2.000000  -11.400000 -600.000000
 21   -1.000000   -1.000000  -18.000000 -600.000000
 22   -1.000000   -1.000000  -19.000000 -600.000000
 23   -1.000000   -1.000000  -20.000000 -600.000000
 24   -1.000000   -1.000000  -21.000000 -600.000000
 25   -1.000000   -1.000000  -22.000000 -600.000000
 26   -1.000000   -1.000000  -23.000000 -600.000000
 27   -1.000000   -1.000000  -31.000000 -600.000000
 28   -1.000000   -1.000000  -32.000000 -600.000000
 29   -1.000000   -1.000000  -33.000000 -600.000000
 30  -10.000000  -10.000000  -34.000000 -600.000000
 31 -600.000000 -600.000000 -600.000000 -600.000000
 32 -600.000000 -600.000000 -600.000000 -600.000000
 33  -10.000000  -10.000000 -600.000000 -600.000000
 34  -11.670000  -11.670000 -600.000000 -600.000000
 35   -8.000000   -8.000000 -600.000000 -600.000000
 36 -600.000000 -600.000000 -600.000000 -600.000000
 37 -600.000000 -600.000000 -600.000000 -600.000000
 38 -600.000000 -600.000000 -600.000000 -600.000000
 39   -1.000000   -1.000000   -7.000000 -600.000000
 40   -1.000000   -1.000000  -10.000000 -600.000000
 41   -1.000000   -1.000000  -13.000000 -600.000000
 42   -1.000000   -1.000000  -15.000000 -600.000000
 43   -1.000000   -1.000000  -17.000000 -600.000000
 44   -2.000000   -2.000000  -20.000000 -600.000000
 45   -1.000000   -1.000000  -21.000000 -600.000000
 46   -1.000000   -1.000000  -21.500000 -600.000000
 47   -1.000000   -1.000000  -22.000000 -600.000000
 48   -1.500000   -1.500000  -22.000000 -600.000000
 49 -600.000000 -600.000000 -600.000000 -600.000000
 50 -600.000000 -600.000000 -600.000000 -600.000000
 51 -600.000000 -600.000000 -600.000000 -600.000000
 52 -600.000000 -600.000000 -600.000000 -600.000000
 53   -8.000000   -8.000000   -1.000000 -600.000000
 54 -600.000000 -600.000000 -600.000000 -600.000000
 55 -600.000000 -600.000000 -600.000000 -600.000000
 56 -600.000000 -600.000000 -600.000000 -600.000000
 57 -600.000000 -600.000000 -600.000000 -600.000000
 58  -13.000000  -13.000000  -20.500000  -22.000000
 59  -12.190000  -12.190000  -20.350000  -22.000000
 60  -11.380000  -11.380000  -20.190000  -22.000000
 61  -10.580000  -10.580000  -20.040000  -22.000000
 62   -9.770000   -9.770000  -19.880000  -22.000000
 63   -8.960000   -8.960000  -19.730000  -22.000000
 64   -8.150000   -8.150000  -19.580000  -22.000000
 65   -7.350000   -7.350000  -19.420000  -22.000000
 66   -6.540000   -6.540000  -19.270000  -22.000000
 67   -5.730000   -5.730000  -19.120000  -22.000000
 68   -4.920000   -4.920000  -18.960000  -22.000000
 69   -4.120000   -4.120000  -18.810000  -22.000000
 70   -3.310000   -3.310000  -18.650000  -22.000000
 71   -2.500000   -2.500000  -18.500000  -22.000000
 72 -600.000000 -600.000000 -600.000000 -600.000000
 73 -600.000000 -600.000000 -600.000000 -600.000000
 74 -600.000000 -600.000000 -600.000000 -600.000000
 75 -600.000000 -600.000000 -600.000000 -600.000000
 76 -600.000000 -600.000000 -600.000000 -600.000000
 77 -600.000000 -600.000000 -600.000000 -600.000000
 78 -600.000000 -600.000000 -600.000000 -600.000000
 79 -600.000000 -600.000000 -600.000000 -600.000000
 80 -600.000000 -600.000000 -600.000000 -600.000000
 81 -600.000000 -600.000000 -600.000000 -600.000000
 82 -600.000000 -600.000000 -600.000000 -600.000000
 83 -600.000000 -600.000000 -600.000000 -600.000000
 84 -600.000000 -600.000000 -600.000000 -600.000000
 85 -600.000000 -600.000000 -600.000000 -600.000000
 86 -600.000000 -600.000000 -600.000000 -600.000000
 87 -600.000000 -600.000000 -600.000000 -600.000000
 88 -600.000000 -600.000000 -600.000000 -600.000000
 89 -600.000000 -600.000000 -600.000000 -600.000000
 90 -600.000000 -600.000000 -600.000000 -600.000000
 91 -600.000000 -600.000000 -600.000000 -600.000000
 92 -600.000000 -600.000000 -600.000000 -600.000000
 93 -600.000000 -600.000000 -600.000000 -600.000000
 94 -600.000000 -600.000000 -600.000000 -600.000000
 95 -600.000000 -600.000000 -600.000000 -600.000000
 96 -600.000000 -600.000000 -600.000000 -600.000000
 97 -600.000000 -600.000000 -600.000000 -600.000000
 98 -600.000000 -600.000000 -600.000000 -600.000000
 99 -600.000000 -600.000000 -600.000000 -600.000000
100 -600.000000 -600.000000 -600.000000 -600.000000
101 -600.000000 -600.000000 -600.000000 -600.000000
102 -600.000000 -600.000000 -600.000000 -600.000000
103 -600.000000 -600.000000 -600.000000 -600.000000
