 NAME NORB NELEC  NPQ   ZETAS     ZETAP     ZETAD    ZETAD2    DZCOEF    DZCOEF2
   H  1  1  0  0  1    1.20000    .00000    .00000    .00000    .00000    .00000
#  He  1  2  0  0  1
  Li  4  1  0  0  2     .63960    .63960    .00000    .00000    .00000    .00000
  Be  4  2  0  0  2     .95600    .95600    .00000    .00000    .00000    .00000
   B  4  2  1  0  2    1.28810   1.21070    .00000    .00000    .00000    .00000
   C  4  2  2  0  2    1.60830   1.56790    .00000    .00000    .00000    .00000
   N  4  2  3  0  2    1.92370   1.91700    .00000    .00000    .00000    .00000
   O  4  2  4  0  2    2.24580   2.22660    .00000    .00000    .00000    .00000
   F  4  2  5  0  2    2.56380   2.55000    .00000    .00000    .00000    .00000
#  Ne  4  2  6  0  2
  Na  4  1  0  0  3     .83580    .83580    .00000    .00000    .00000    .00000
  Mg  4  2  0  0  3    1.10250   1.10250    .00000    .00000    .00000    .00000
  Al  4  2  1  0  3    1.37240   1.35520    .00000    .00000    .00000    .00000
  Si  4  2  2  0  3    1.63440   1.42840    .00000    .00000    .00000    .00000
   P  4  2  3  0  3    1.88060   1.62880    .00000    .00000    .00000    .00000
   S  4  2  4  0  3    2.12230   1.82730    .00000    .00000    .00000    .00000
  Cl  4  2  5  0  3    2.35610   2.03870    .00000    .00000    .00000    .00000
#  Ar  4  2  6  0  3
   K  4  1  0  0  4     .87380    .87380    .00000    .00000    .00000    .00000
  Ca  4  2  0  0  4    1.09950   1.09950    .00000    .00000    .00000    .00000
# Sc  9  2  0  1  4    1.15810   1.15810   2.37330    .00000    .00000    .00000
  Sc  9  2  0  1  4    1.62134   1.62134   2.37330    .00000    .00000    .00000
# Ti  9  2  0  2  4    1.20000   1.20000   4.55000   1.40000    .42060    .78390
  Ti  9  2  0  2  4    1.68000   1.68000   4.55000   1.40000    .42060    .78390
#  V  9  2  0  3  4    1.25000   1.25000   4.75000   1.50000    .45580    .75160
   V  9  2  0  3  4    1.75000   1.75000   4.75000   1.50000    .45580    .75160
# Cr  9  2  0  4  4    1.30000   1.30000   4.95000   1.60000    .48760    .72050
  Cr  9  2  0  4  4    1.82000   1.82000   4.95000   1.60000    .48760    .72050
# Mn  9  2  0  5  4    1.35000   1.35000   5.15000   1.70000    .51390    .69290
  Mn  9  2  0  5  4    1.89000   1.89000   5.15000   1.70000    .51390    .69290
# Fe  9  2  0  6  4    1.40000   1.40000   5.35000   1.80000    .53660    .66780
  FE  9  2  0  6  4    1.96000   1.96000   4.5475    1.53       .53660    .6678 
# Co  9  2  0  7  4    1.45000   1.45000   5.55000   1.90000    .55510    .64610
  Co  9  2  0  7  4    2.03000   2.03000   5.55000   1.90000    .55510    .64610
# Ni  9  2  0  8  4    1.50000   1.50000   5.75000   2.00000    .56830    .62920
  Ni  9  2  0  8  4    2.10000   2.10000   5.75000   2.00000    .56830    .62920
# Cu  9  1  0 10  4    1.55000   1.55000   5.95000   2.30000    .59330    .57440
  Cu  9  1  0 10  4    2.17000   2.17000   5.95000   2.30000    .59330    .57440
# Zn  9  2  0 10  4    1.60000   1.60000   4.62610    .00000    .00000    .00000
  Zn  9  2  0 10  4    2.24000   2.24000   4.62610    .00000    .00000    .00000
  Ga  4  2  1  0  4    1.76670   1.55540    .00000    .00000    .00000    .00000
  Ge  4  2  2  0  4    2.01090   1.69510    .00000    .00000    .00000    .00000
  As  4  2  3  0  4    2.23600   1.86230    .00000    .00000    .00000    .00000
  Se  4  2  4  0  4    2.43940   2.07180    .00000    .00000    .00000    .00000
  Br  4  2  5  0  4    2.63820   2.25700    .00000    .00000    .00000    .00000
#  Kr  4  2  6  0  4
  Rb  4  1  0  0  5     .99690    .99690    .00000    .00000    .00000    .00000
  Sr  4  2  0  0  5    1.21410   1.21410    .00000    .00000    .00000    .00000
   Y  9  2  0  1  5    1.25120   1.25120   3.98960    .00000    .00000    .00000
  Zr  9  2  0  2  5    1.81700   1.77600   3.83500   1.50500    .62110    .57960
  Nb  9  1  0  4  5    1.88900   1.85200   4.08000   1.63700    .64040    .55190
  MO  9  1  0  5  5    1.95600   1.92100   4.54200   1.90100    .58990    .58990
  Tc  9  2  0  5  5    2.01800   1.98400   4.90000   2.09400    .57150    .60120
  Ru  9  1  0  7  5    2.07800   2.04300   5.37800   2.30300    .53400    .63650
  Rh  9  1  0  8  5    2.13500   2.09900   5.54200   2.39800    .55630    .61190
  Pd  9  0  0 10  5    2.19000   2.15200   5.98300   2.61300    .52640    .63730
  Ag  9  1  0 10  5    2.24400   2.20200   6.07000   2.66300    .55910    .60480
  Cd  4  2  0  0  5    1.63840   1.63840    .00000    .00000    .00000    .00000
  In  4  2  0  1  5    1.90230   1.69400    .00000    .00000    .00000    .00000
  Sn  4  2  0  2  5    2.12570   1.82040    .00000    .00000    .00000    .00000
  Sb  4  2  0  3  5    2.32220   1.99890    .00000    .00000    .00000    .00000
# Te  4  2  0  4  5    2.50760   2.16170    .00000    .00000    .00000    .00000
  Te  4  2  0  4  5    2.510     2.160      .00000    .00000    .00000    .00000
   I  4  2  0  5  5    2.68070   2.32230    .00000    .00000    .00000    .00000
#  Xe  4  2  0  6  5
  Cs  4  1  0  0  6    1.06050   1.06050    .00000    .00000    .00000    .00000
# Cs  4  1  0  0  6    1.2       1.2        .00000    .00000    .00000    .00000
  Ba  4  2  0  0  6    1.26250   1.26250    .00000    .00000    .00000    .00000
  La  9  2  0  1  6    1.55200   1.55200   4.00000    .00000    .00000    .00000
  Hf  9  2  0  2  6    2.21400   2.16600   4.36000   1.70900    .69670    .53220
  Ta  9  2  0  3  6    2.28000   2.24100   4.76200   1.93800    .66000    .55920
   W  9  2  0  4  6    2.34100   2.30900   4.98200   2.06800    .66850    .54240
  Re  9  2  0  5  6    2.39800   2.37200   5.34300   2.27700    .63780    .56580
  Os  9  2  0  6  6    2.45200   2.42900   5.57100   2.41600    .63720    .55980
  Ir  9  2  0  7  6    2.50400   2.48400   5.79600   2.55700    .63510    .55560
  Pt  9  1  0  9  6    2.55400   2.53500   6.01300   2.69600    .63310    .55160
  Au  9  1  0 10  6    2.60200   2.58400   6.16300   2.79400    .64420    .53560
  Hg  9  2  0 10  6    2.64900   2.63100   6.43600   3.03200    .64380    .52150
  Tl  4  2  1  0  6    2.7       2.7       0.        0.         .00000    .00000
  Pb  4  2  2  0  6    2.75      2.75      0.        0.         .00000    .00000
  Bi  4  2  3  0  6    2.80      2.80      0.        0.         .00000    .00000
  Po  4  2  4  0  6    2.85      2.85      0.        0.         .00000    .00000
 NAME   IP-S-A  IP-S-B  IP-S-C  IP-P-A  IP-P-B  IP-P-C  IP-D-A  IP-D-B  IP-D-C
#  H   13.6100 27.1600 13.5900   .0000   .0000   .0000   .0000   .0000   .0000
   H   13.6100 14.0890 12.5650   .0000   .0000   .0000   .0000   .0000   .0000
#  He     .0000   .0000   .0000   .0000   .0000   .0000   .0000   .0000   .0000
# Li    3.4200  9.4200  5.3800  3.4400  7.3200  3.5200   .0000   .0000   .0000
  Li    3.4200  5.3880  5.4390  3.4400  4.2960  3.6100   .0000   .0000   .0000
# Be    3.4400 10.0700  5.9300  3.4300 12.0900  9.8900   .0000   .0000   .0000
  Be    3.4400  7.9680  9.6630  3.4300  6.7110  6.0720   .0000   .0000   .0000
#  B    3.4500 14.9400 14.0500  3.4400 12.6900  8.2700   .0000   .0000   .0000
   B    3.4500 10.4750 14.4400  3.4400  9.0080  8.4380   .0000   .0000   .0000
#  C    3.4700 17.4900 21.1900  3.4700 13.8700 10.7700   .0000   .0000   .0000
   C    3.4700 12.9260 19.6540  3.4700 11.3050 11.1290   .0000   .0000   .0000
#  N    3.4900 20.1000 25.5500  3.4900 16.5000 13.1800   .0000   .0000   .0000
   N    3.4900 15.3410 25.3660  3.4900 13.5750 13.9000   .0000   .0000   .0000
#  O    3.4600 22.8700 32.3100  3.4600 18.5500 15.7800   .0000   .0000   .0000
   O    3.4600 17.7340 31.6000  3.4600 15.8260 16.7760   .0000   .0000   .0000
#  F    3.4800 25.4900 40.0900  3.4600 20.5100 18.6300   .0000   .0000   .0000
   F    3.4800 20.1120 38.3730  3.4600 18.0630 19.7690   .0000   .0000   .0000
#  Ne     .0000   .0000   .0000   .0000   .0000   .0000   .0000   .0000   .0000
# Na    1.6300  8.4300  5.0800  1.6500  6.1200  2.9600   .0000   .0000   .0000
  Na    1.6300  4.8960  5.3310  1.6500  3.4450  3.1780   .0000   .0000   .0000
# Mg    1.6300  9.7400  8.8800  1.6400  7.5000  4.4600   .0000   .0000   .0000
  Mg    1.6300  6.2150  8.2010  1.6400  4.7680  4.6410   .0000   .0000   .0000
# Al    1.1800 12.8400 11.0800  1.5400  9.3700  5.3000   .0000   .0000   .0000
  Al    1.1800  7.5760 11.7940  1.5400  5.8710  5.9760   .0000   .0000   .0000
# Si    1.3800 14.6400 13.7800  1.0900 13.7200  2.4000   .0000   .0000   .0000
  Si    1.3800  8.8680 15.3700  1.0900  7.0890  7.9900   .0000   .0000   .0000
#  P    1.7700 13.2200 18.7600  1.8900 10.4000 10.1100   .0000   .0000   .0000
   P    1.7700 10.1050 19.0130  1.8900  8.2720 10.0110   .0000   .0000   .0000
#  S    1.5200 15.3600 20.6500  1.6300 12.2000 11.5700   .0000   .0000   .0000
   S    1.5200 11.3050 22.7610  1.6300  9.4240 12.0810   .0000   .0000   .0000
# Cl    1.7000 15.7000 25.2500  1.6700 13.1700 13.6800   .0000   .0000   .0000
  Cl    1.7000 12.4770 26.6360  1.6700 10.5530 14.2170   .0000   .0000   .0000
#  Ar     .0000   .0000   .0000   .0000   .0000   .0000   .0000   .0000   .0000
#  K    1.0000  6.6300  4.3000   .0000   .0000   .0000   .0000   .0000   .0000
   K    1.0000  3.9500  4.5200   .0000  2.9160  2.8840   .0000   .0000   .0000
# Ca     .0000  5.7900  6.2100   .0000   .0000  3.6100   .0000   .0000   .0000
  Ca     .0000  4.7360  6.5640   .0000  3.7700  4.0680   .0000   .0000   .0000
# Sc     .0000  6.0500  6.6700   .0000  4.9600  4.3200   .0000 11.3600  4.6500
  Sc     .0000  4.7650  6.1230   .0000  3.6440  3.6640   .0000 10.2610  6.0670
# Ti    1.1500  6.2400  6.0200   .9700  4.4100  3.3300  2.2900  9.6500  5.5300
  Ti    1.1500  5.0370  6.5200   .9700  3.8340  3.8080  2.2900 11.6080  7.1770
#  V    1.0600  6.7100  6.3200   .9200  5.6300  3.4300  1.7300 10.7800  6.3700
   V    1.0600  5.2760  6.8500   .9200  3.9880  3.9100  1.7300 12.8370  8.1810
# Cr    1.0000  7.1300  6.5900   .9000  5.8900  3.5200  1.2100 11.8900  7.1700
  Cr    1.0000  5.4940  7.1410   .9000  4.1190  3.9890  1.2100 13.9970  9.1090
# Mn     .9400  7.5500  6.8500   .8900  6.1100  3.6200   .6800 13.0100  7.9400
  Mn     .9400  5.6970  7.4090   .8900  4.2340  4.0530   .6800 15.1100  9.9860
# Fe     .9100  7.9100  7.1000   .9000  6.2900  3.7000  1.7100 12.5800  8.6700
  FE     .9100  5.8900  7.6590   .9000  4.3370  4.1040  1.7100 16.1900 10.8220
# Co     .9000  8.2600  7.3200   .9400  6.4400  3.8000  1.7200 13.1600  9.3700
  Co     .9000  6.0740  7.8970   .9400  4.4300  4.1480  1.7200 17.2460 11.6250
# Ni     .9100  8.5600  7.5300   .9900  6.5500  3.8900  1.7600 13.7200 10.0200
  Ni     .9100  6.2520  8.1250   .9900  4.5150  4.1840  1.7600 18.2830 12.4040
# Cu     .9400  8.8300  7.7200  1.0500  6.6300  3.9800  1.8300 14.2400 10.6600
  Cu     .9400  6.4240  8.3450  1.0500  4.5930  4.2160  1.8300 19.3060 13.1620
# Zn     .0000   .0000  7.8300   .0000   .0000  4.0900   .0000   .0000 11.2400
  Zn     .0000  7.0030 10.1410   .0000  5.1890  5.1000   .0000 21.1580 19.7920
# Ga     .0000  7.6200 12.7900   .0000   .0000  5.8700   .0000   .0000   .0000
  Ga     .0000  7.7900 13.2160   .0000  5.8100  6.0490   .0000   .0000   .0000
# Ge     .0000  9.7100 15.2100   .0000  8.2500  7.5500   .0000   .0000   .0000
  Ge     .0000  8.5750 16.2140   .0000  6.6140  7.8220   .0000   .0000   .0000
# As     .0000 11.1600 17.9400   .0000  9.0700  9.1800   .0000   .0000   .0000
  As     .0000  9.3400 19.1940   .0000  7.3910  9.5360   .0000   .0000   .0000
# Se     .0000 12.0900 20.8300   .0000  9.8700 10.7800   .0000   .0000   .0000
  Se     .0000 10.0850 22.1880   .0000  8.1400 11.2410   .0000   .0000   .0000
# Br     .0000  6.1800 24.0100   .0000 10.6400 12.3400   .0000   .0000   .0000
  Br     .0000 10.8110 25.2110   .0000  8.8650 12.9610   .0000   .0000   .0000
#  Kr     .0000   .0000   .0000   .0000   .0000   .0000   .0000   .0000   .0000
# Rb     .0000   .0000   .0000   .0000   .0000   .0000   .0000   .0000   .0000
  Rb     .0000  3.6600  4.3260   .0000  2.6880  2.7600   .0000   .0000   .0000
# Sr    2.2200  4.2900  6.4400  1.9100  3.2100  4.3200   .0000   .0000   .0000
  Sr    2.2200  4.2560  6.0980  1.9100  3.3640  3.7870   .0000   .0000   .0000
#  Y    2.0800  4.6600  6.7500  1.9500  3.4300  4.4200  2.5500  5.6100  4.7900
   Y    2.0800  4.3950  6.0140  1.9500  3.3940  3.6180  2.5500  7.3510  5.7370
# Zr    1.5500  4.7800  6.1100  2.2200  2.1900  4.0400  2.3000  6.4900  5.7700
  Zr    1.5500  4.6390  6.4100  2.2200  3.5790  3.7740  2.3000  8.3200  6.9690
# Nb    1.4500  5.2200  6.3400  2.1200  2.5200  4.1600  2.0800  7.3600  6.7400
  Nb    1.4500  4.8430  6.7050  2.1200  3.7230  3.8780  2.0800  9.1970  8.1440
# Mo    1.3500  5.6400  6.5700  1.9700  2.9600  4.2000  1.8500  8.2400  7.7100
  MO    1.3500  5.0200  6.9360  1.9700  3.8390  3.9460  1.8500 10.0140  9.2880
# Tc    1.2400  6.0600  6.8000  1.7800  3.5300  4.1800  1.6100  9.1100  8.6900
  Tc    1.2400  5.1770  7.1280  1.7800  3.9350  3.9920  1.6100 10.7900 10.4140
# Ru    1.1400  6.4900  7.0300  1.5600  4.2200  4.0500  1.3800  9.9900  9.6500
  Ru    1.1400  5.3200  7.2930  1.5600  4.0160  4.0220  1.3800 11.5360 11.5330
# Rh    1.0300  6.9100  7.2500  1.3000  5.0300  3.8400  1.1400 10.8700 10.6400
  Rh    1.0300  5.4510  7.4330  1.3000  4.0860  4.0420  1.1400 12.2570 12.6490
# Pd     .9300  7.3300  7.4800  1.1300  5.5500  3.8400   .9000 11.7300 11.6000
  Pd     .9300  5.5710  7.5510  1.1300  4.1470  4.0570   .9000 12.9610 13.7590
# Ag     .8300  7.7700  7.7100   .9500  6.0800  3.8300   .6700 12.6100 12.5600
  Ag     .8300  5.6840  7.6640   .9500  4.2000  4.0710   .6700 13.6480 14.8840
# Cd     .8500  8.0900  9.4900  1.9700  6.3200  4.7200   .0000   .0000   .0000
  Cd     .8500  6.1180  9.2530  1.9700  4.6760  4.9330   .0000 14.7560 20.0910
# In     .7100  8.4700  9.8000   .6100  7.1400  3.8000   .0000   .0000   .0000
  In     .7100  6.6850 11.7670   .6100  5.1420  5.7920   .0000   .0000   .0000
# Sn     .0000   .0000   .0000   .0000   .0000   .0000   .0000   .0000   .0000
  Sn     .0000  7.2440 14.1500   .0000  5.7220  7.3110   .0000   .0000   .0000
# Sb     .0000   .0000   .0000   .0000   .0000   .0000   .0000   .0000   .0000
  Sb     .0000  7.7830 16.4780   .0000  6.2770  8.7510   .0000   .0000   .0000
# Te     .0000   .0000 20.8000   .0000   .0000 13.2000   .0000   .0000   .0000
  Te     .0000  8.3040 18.7760   .0000  6.8070 10.1580   .0000   .0000   .0000
#  I     .0000   .0000   .0000   .0000   .0000   .0000   .0000   .0000   .0000
   I     .0000   .0000  8.8090 21.0690   .0000  7.3180 11.5610   .0000   .0000
#  Xe
# Cs     .0000   .0000   .0000   .0000   .0000   .0000   .0000   .0000   .0000
  Cs     .0000  3.2580  3.9600   .0000  2.4640  2.6250   .0000   .0000   .0000
# Ba     .0000   .0000   .0000   .0000   .0000   .0000   .0000   .0000   .0000
  Ba     .0000  5.4860  3.7220   .0000  3.5590  3.0110   .0000   .0000   .0000
  La     .0000   .0000   .0000   .0000   .0000   .0000   .0000   .0000   .0000
# Hf     .0000   .0000   .0000   .0000   .0000   .0000   .0000   .0000   .0000
  Hf     .0000  4.6040  6.6060   .0000  3.5440  3.8380   .0000  7.8310  6.8950
# Ta     .0000   .0000   .0000   .0000   .0000   .0000   .0000   .0000   .0000
  Ta     .0000  4.7770  6.8890   .0000  3.6720  3.9390   .0000  8.4810  8.0280
#  W     .0000   .0000   .0000   .0000   .0000   .0000   .0000   .0000   .0000
   W     .0000  4.9290  7.1150   .0000  3.7760  4.0070   .0000  9.0860  9.1370
# Re     .0000   .0000   .0000   .0000   .0000   .0000   .0000   .0000   .0000
  Re     .0000  5.0640  7.2970   .0000  3.8640  4.0520   .0000  9.6580 10.2350
# Os     .0000   .0000   .0000   .0000   .0000   .0000   .0000   .0000   .0000
  Os     .0000  5.1870  7.4500   .0000  3.9400  4.0880   .0000 10.2050 11.3260
# Ir     .0      .0    11.36     .0      .0     4.5      .0      .0    12.17
  Ir     .0     5.299   7.584    .0     4.006   4.115    .0    10.734  12.429
# Pt     .0000   .0000   .0000   .0000   .0000   .0000   .0000   .0000   .0000
  Pt     .0000  5.4030  7.6930   .0000  4.0620  4.1290   .0000 11.2460 13.5260
# Au     .0000   .0000   .0000   .0000   .0000   .0000   .0000   .0000   .0000
  Au     .0000  5.4980  7.7910   .0000  4.1120  4.1420   .0000 11.7440 14.6130
# Hg     .0000   .0000   .0000   .0000   .0000   .0000   .0000   .0000   .0000
  Hg     .0000  5.8500  9.2180   .0000  4.5030  4.9300   .0000 12.5490 19.0130
  Tl     .0000  6.3120 11.5250   .0000  4.8830  5.7150   .0000   .0000   .0000
  Pb     .0000  6.7640 13.6730   .0000  5.3600  7.1200   .0000   .0000   .0000
  Bi     .0000  7.1980 15.7570   .0000  5.8140  8.4350   .0000   .0000   .0000
  Po     .0000  7.6140 17.7940   .0000  6.2440  9.7100   .0000   .0000   .0000
#  At     .0000  8.0150 19.8080   .0000  6.6540 10.9660   .0000   .0000   .0000
END
